0.573592	0.969976	0.966960	0.003017	1.002341	0.999305	1.005215	0.970651	0.967633
0.614011	0.972503	0.965058	0.007444	1.006750	0.999287	1.005345	0.973196	0.965747
0.653651	0.954725	0.965171	-0.010446	0.988860	0.999289	1.005336	0.955405	0.965858
0.692237	0.946496	0.962649	-0.016153	0.983171	0.999307	1.005196	0.947152	0.963316
0.730079	0.968564	0.965428	0.003136	1.002493	0.999342	1.004937	0.969202	0.966064
0.766453	0.983384	0.963966	0.019418	1.018815	0.999389	1.004581	0.983985	0.964555
0.802827	0.989623	0.973065	0.016558	1.016016	0.999450	1.004126	0.990168	0.973601
0.839214	0.950014	0.972641	-0.022626	0.976908	0.999522	1.003583	0.950468	0.973105
0.875621	0.968747	0.963234	0.005513	1.005124	0.999605	1.002962	0.969130	0.963615
0.911995	0.984240	0.974690	0.009550	1.009253	0.999696	1.002279	0.984540	0.974987
0.948415	0.975148	0.974707	0.000441	1.000239	0.999794	1.001546	0.975350	0.974909
0.984756	0.972867	0.972317	0.000550	1.000448	0.999896	1.000781	0.972969	0.972419
1.021142	0.986422	0.973206	0.013216	1.013214	1.000000	0.999999	0.986422	0.973206
1.057539	0.963141	0.978572	-0.015431	0.984671	1.000105	0.999216	0.963041	0.978470
1.093913	0.966715	0.984192	-0.017477	0.982727	1.000207	0.998451	0.966516	0.983989
1.130677	0.967000	0.980563	-0.013563	0.986736	1.000305	0.997711	0.966705	0.980264
1.173250	0.980801	0.973443	0.007358	1.007756	1.000411	0.996918	0.980398	0.973043
1.213281	0.966406	0.971255	-0.004849	0.995634	1.000499	0.996254	0.965924	0.970770
1.250377	0.967991	0.978262	-0.010271	0.990286	1.000570	0.995726	0.967440	0.977705
1.286752	0.979821	0.969667	0.010154	1.010757	1.000627	0.995300	0.979207	0.969060
1.323160	0.966142	0.973081	-0.006939	0.993711	1.000670	0.994975	0.965495	0.972429
1.359545	0.952009	0.969334	-0.017325	0.983349	1.000699	0.994757	0.951344	0.968657
1.395919	0.963927	0.977682	-0.013755	0.986942	1.000713	0.994652	0.963241	0.976986
1.432317	0.960654	0.969720	-0.009065	0.991622	1.000712	0.994662	0.959971	0.969030
1.468702	0.973379	0.974326	-0.000947	0.999729	1.000695	0.994786	0.972703	0.973649
1.505077	0.978312	0.971142	0.007170	1.007812	1.000664	0.995022	0.977663	0.970498
1.541474	0.958159	0.971232	-0.013073	0.987525	1.000618	0.995364	0.957567	0.970632
1.577848	0.962216	0.990170	-0.027954	0.972599	1.000559	0.995806	0.961678	0.989617
1.614257	0.969327	0.976305	-0.006978	0.993498	1.000488	0.996338	0.968853	0.975828
1.652808	0.978518	0.971488	0.007030	1.007418	1.000402	0.996987	0.978125	0.971098
1.690650	0.975942	0.982596	-0.006654	0.993649	1.000307	0.997695	0.975642	0.982294
1.727047	0.979815	0.973933	0.005882	1.006086	1.000210	0.998426	0.979609	0.973728
1.763409	0.967403	0.981288	-0.013885	0.986222	1.000108	0.999190	0.967298	0.981182
1.799817	0.959809	0.983462	-0.023653	0.976351	1.000004	0.999973	0.959805	0.983459
1.836191	0.991398	0.988778	0.002621	1.002522	0.999899	1.000755	0.991498	0.988877
1.872589	0.979861	0.980687	-0.000826	0.998975	0.999797	1.001522	0.980060	0.980886
1.908975	0.958368	0.979028	-0.020660	0.979046	0.999699	1.002256	0.958656	0.979322
1.945349	0.970138	0.972689	-0.002551	0.997067	0.999608	1.002941	0.970518	0.973070
1.981723	0.979850	0.970196	0.009654	1.009191	0.999525	1.003563	0.980316	0.970657
2.018132	0.948145	0.974540	-0.026395	0.973070	0.999452	1.004110	0.948664	0.975074
2.054495	0.953169	0.974015	-0.020847	0.978560	0.999391	1.004567	0.953749	0.974609
2.093446	0.982098	0.974446	0.007652	1.007008	0.999340	1.004949	0.982746	0.975089
2.130922	0.974536	0.979495	-0.004959	0.994362	0.999306	1.005201	0.975213	0.980175
2.167330	0.975983	0.972455	0.003528	1.002835	0.999289	1.005333	0.976677	0.973147
2.203693	0.967118	0.984398	-0.017280	0.982018	0.999287	1.005351	0.967809	0.985101
2.240112	0.992778	0.979851	0.012926	1.012240	0.999300	1.005254	0.993474	0.980538
2.276497	0.995582	0.974553	0.021029	1.020373	0.999327	1.005044	0.996252	0.975208
2.316138	0.977466	0.990737	-0.013272	0.986108	0.999374	1.004692	0.978078	0.991358
2.352891	1.001889	0.980810	0.021080	1.020522	0.999432	1.004260	1.002459	0.981367
2.389287	0.985760	0.988707	-0.002948	0.996559	0.999501	1.003739	0.986251	0.989201
2.425663	0.981306	0.994911	-0.013605	0.985978	0.999581	1.003139	0.981717	0.995328
2.462048	1.006705	1.002631	0.004074	1.003743	0.999671	1.002471	1.007037	1.002962
2.498434	0.982495	0.996009	-0.013514	0.986253	0.999767	1.001751	0.982725	0.996242
2.534819	0.983730	0.994563	-0.010833	0.989035	0.999868	1.000992	0.983860	0.994695
2.571238	0.981579	0.981398	0.000181	1.000154	0.999972	1.000212	0.981607	0.981426
2.607624	0.971393	0.981293	-0.009899	0.990175	1.000076	0.999428	0.971320	0.981218
2.643987	0.980693	0.973194	0.007499	1.007673	1.000179	0.998657	0.980518	0.973020
2.680396	0.975711	0.976670	-0.000958	0.999313	1.000278	0.997913	0.975440	0.976398
2.716758	0.973437	0.978130	-0.004693	0.995671	1.000371	0.997216	0.973076	0.977767
2.753155	0.976161	0.991428	-0.015267	0.985186	1.000456	0.996577	0.975716	0.990975
2.789541	0.992046	0.991175	0.000871	1.001398	1.000532	0.996012	0.991519	0.990648
2.825949	0.996894	0.982367	0.014527	1.015112	1.000596	0.995532	0.996301	0.981782
2.862324	0.987082	0.984550	0.002533	1.003171	1.000647	0.995148	0.986444	0.983913
2.898709	0.980228	0.996335	-0.016107	0.984574	1.000684	0.994868	0.979558	0.995654
2.935096	0.986737	0.988466	-0.001728	0.998970	1.000707	0.994698	0.986040	0.987767
2.972558	0.995505	0.994038	0.001468	1.002177	1.000714	0.994642	0.994794	0.993328
3.011500	0.976328	0.999078	-0.022750	0.977954	1.000705	0.994713	0.975641	0.998374
3.047885	0.998547	0.989156	0.009391	1.010064	1.000680	0.994897	0.997868	0.988483
3.084260	0.993327	0.998215	-0.004888	0.995752	1.000641	0.995189	0.992691	0.997575
3.120667	0.975354	0.978204	-0.002850	0.997725	1.000589	0.995586	0.974780	0.977629
3.157053	1.025367	0.997500	0.027868	1.028390	1.000523	0.996076	1.024831	0.996978
3.193417	0.994667	1.006238	-0.011571	0.988877	1.000447	0.996651	0.994223	1.005789
3.229803	1.019617	0.995472	0.024145	1.024503	1.000360	0.997297	1.019249	0.995113
3.266199	1.004564	0.995323	0.009242	1.009507	1.000266	0.998002	1.004297	0.995058
3.302574	1.002706	0.987377	0.015329	1.015494	1.000167	0.998749	1.002538	0.987212
3.338971	0.997092	0.985849	0.011244	1.011307	1.000064	0.999524	0.997029	0.985786
3.375367	0.996942	0.987150	0.009792	1.009752	0.999959	1.000308	0.996983	0.987190
3.411742	0.998026	0.988230	0.009796	1.009654	0.999855	1.001086	0.998170	0.988373
3.448117	0.970038	0.992819	-0.022780	0.976977	0.999755	1.001840	0.970276	0.993062
3.484513	0.985676	0.984308	0.001368	1.001033	0.999659	1.002555	0.986011	0.984643
3.520888	0.997099	0.990298	0.006801	1.006377	0.999571	1.003215	0.997526	0.990722
3.557652	0.990817	0.987913	0.002904	1.002402	0.999492	1.003812	0.991320	0.988415
3.598414	0.988095	0.991947	-0.003852	0.995569	0.999416	1.004376	0.988672	0.992526
3.639523	0.983135	0.992643	-0.009508	0.989853	0.999357	1.004826	0.983768	0.993282
3.678807	0.989954	1.006012	-0.016058	0.983252	0.999316	1.005132	0.990632	1.006701
3.717382	1.006464	0.995000	0.011464	1.010760	0.999292	1.005309	1.007177	0.995705
3.753789	0.997048	1.010720	-0.013672	0.985603	0.999286	1.005357	0.997760	1.011442
3.790141	1.003796	0.998342	0.005454	1.004749	0.999294	1.005292	1.004505	0.999047
3.826528	0.993056	0.992930	0.000126	0.999449	0.999318	1.005112	0.993733	0.993607
3.862925	0.989584	0.991533	-0.001948	0.997414	0.999357	1.004823	0.990221	0.992171
3.899299	1.012301	1.005730	0.006572	1.005976	0.999409	1.004431	1.012900	1.006324
3.936062	1.022988	1.006408	0.016579	1.016049	0.999475	1.003938	1.023525	1.006937
3.975714	0.995077	0.989883	0.005194	1.004757	0.999559	1.003310	0.995517	0.990321
4.012089	0.957457	0.976083	-0.018625	0.981028	0.999645	1.002660	0.957797	0.976429
4.048508	0.993701	0.984820	0.008880	1.008624	0.999740	1.001952	0.993960	0.985077
4.087416	0.979857	0.982607	-0.002750	0.997100	0.999847	1.001149	0.980007	0.982758
4.128168	0.989975	0.982461	0.007514	1.007478	0.999963	1.000278	0.990012	0.982497
4.164931	1.000223	0.990951	0.009272	1.009340	1.000069	0.999486	1.000155	0.990883
4.201338	0.999797	0.996110	0.003687	1.003858	1.000172	0.998712	0.999625	0.995939
4.237702	0.977402	0.985248	-0.007847	0.992420	1.000271	0.997967	0.977137	0.984982
4.274066	0.967068	0.984891	-0.017822	0.982537	1.000365	0.997265	0.966716	0.984532
4.310486	0.997348	0.990982	0.006366	1.006813	1.000450	0.996621	0.996899	0.990536
4.346838	0.972955	0.984607	-0.011652	0.988866	1.000527	0.996051	0.972443	0.984089
4.383245	1.000201	0.998709	0.001492	1.002082	1.000591	0.995564	0.999610	0.998119
4.419620	1.000376	1.000471	-0.000095	1.000549	1.000644	0.995173	0.999733	0.999828
4.456017	1.005892	0.993884	0.012008	1.012685	1.000682	0.994885	1.005206	0.993207
4.492380	0.978295	1.003015	-0.024720	0.975986	1.000706	0.994707	0.977605	1.002307
4.528788	0.981028	1.008512	-0.027484	0.973234	1.000714	0.994642	0.980328	1.007793
4.565162	0.981985	1.012885	-0.030900	0.969814	1.000708	0.994693	0.981290	1.012168
4.601559	1.009598	1.003006	0.006592	1.007278	1.000686	0.994857	1.008906	1.002319
4.637946	1.014657	0.990125	0.024532	1.025175	1.000649	0.995131	1.013999	0.989482
4.674331	0.989060	0.998196	-0.009136	0.991461	1.000599	0.995510	0.988468	0.997598
4.713627	0.993973	0.994505	-0.000532	0.999995	1.000530	0.996026	0.993447	0.993978
4.755468	0.986353	0.986064	0.000288	1.000724	1.000442	0.996685	0.985917	0.985629
4.794397	0.988693	0.979926	0.008767	1.009110	1.000349	0.997383	0.988348	0.979584
4.830784	0.988924	0.981024	0.007900	1.008150	1.000254	0.998094	0.988673	0.980774
4.867170	0.991186	0.982595	0.008592	1.008744	1.000154	0.998846	0.991033	0.982443
4.910476	0.990999	0.996265	-0.005267	0.994764	1.000031	0.999771	0.990968	0.996235
4.947218	0.997282	0.985635	0.011647	1.011574	0.999925	1.000563	0.997357	0.985709
4.983614	0.981977	0.994951	-0.012974	0.986849	0.999822	1.001335	0.982151	0.995128
5.019989	0.987835	0.985782	0.002053	1.001782	0.999723	1.002078	0.988109	0.986055
5.056386	1.019053	0.998667	0.020386	1.020017	0.999630	1.002777	1.019430	0.999037
5.092772	0.992386	1.003451	-0.011065	0.988477	0.999544	1.003417	0.992838	1.003908
5.129169	1.012673	1.003338	0.009334	1.008800	0.999469	1.003983	1.013210	1.003871
5.168076	0.985560	0.992044	-0.006485	0.992921	0.999401	1.004493	0.986151	0.992639
5.205550	0.999748	0.998496	0.001253	1.000602	0.999349	1.004881	1.000399	0.999146
5.241959	1.007179	0.996659	0.010521	1.009836	0.999313	1.005151	1.007872	0.997344
5.278322	0.990964	0.987021	0.003943	1.003244	0.999292	1.005311	0.991666	0.987721
5.314719	0.984973	0.981617	0.003356	1.002654	0.999286	1.005357	0.985677	0.982319
5.351104	0.971545	0.979693	-0.008148	0.991161	0.999295	1.005288	0.972231	0.980384
5.387513	0.970998	0.986825	-0.015827	0.983501	0.999319	1.005106	0.971659	0.987497
5.423875	0.966012	0.983784	-0.017772	0.981596	0.999358	1.004814	0.966632	0.984416
5.460283	0.975259	0.983073	-0.007814	0.991607	0.999411	1.004419	0.975834	0.983652
5.498825	0.993038	0.982764	0.010274	1.009763	0.999480	1.003898	0.993554	0.983275
5.536689	0.994174	0.986222	0.007951	1.007518	0.999561	1.003294	0.994611	0.986656
5.573084	0.994560	0.987467	0.007093	1.006746	0.999648	1.002641	0.994911	0.987815
5.612748	0.990918	0.994680	-0.003762	0.995991	0.999751	1.001866	0.991165	0.994928
5.649501	1.001969	0.985966	0.016003	1.015858	0.999853	1.001105	1.002117	0.986111
5.685874	0.985082	0.989712	-0.004630	0.995327	0.999956	1.000328	0.985125	0.989755
5.722260	0.983538	1.002450	-0.018912	0.981149	1.000061	0.999543	0.983479	1.002389
5.758646	0.995349	0.998235	-0.002887	0.997277	1.000164	0.998769	0.995185	0.998072
5.795021	0.980338	0.996460	-0.016122	0.984141	1.000264	0.998021	0.980080	0.996198
5.831439	0.997916	0.986285	0.011631	1.011984	1.000358	0.997314	0.997559	0.985932
5.867803	0.991492	1.004931	-0.013439	0.987007	1.000444	0.996667	0.991052	1.004484
5.904555	1.000342	1.000578	-0.000237	1.000285	1.000522	0.996084	0.999820	1.000056
5.944219	1.026528	1.001489	0.025038	1.025631	1.000593	0.995553	1.025920	1.000896
5.980615	1.002912	1.006740	-0.003828	0.996819	1.000645	0.995164	1.002265	1.006091
6.017012	0.998476	0.995187	0.003289	1.003968	1.000683	0.994879	0.997795	0.994508
6.053376	1.013496	0.994654	0.018842	1.019544	1.000706	0.994704	1.012781	0.993952
6.089783	0.985821	1.000899	-0.015078	0.985637	1.000714	0.994642	0.985117	1.000185
6.126158	0.984383	0.985740	-0.001356	0.999341	1.000707	0.994696	0.983688	0.985043
6.162544	0.981952	0.981181	0.000771	1.001444	1.000685	0.994863	0.981280	0.980509
6.198918	0.993067	1.001386	-0.008320	0.992331	1.000648	0.995140	0.992424	1.000738
6.235304	1.013736	0.998341	0.015395	1.015991	1.000597	0.995521	1.013131	0.997746
6.273500	0.985959	0.995128	-0.009169	0.991359	1.000530	0.996025	0.985437	0.994601
6.311742	0.977773	0.991944	-0.014171	0.986276	1.000450	0.996623	0.977332	0.991497
6.348095	0.998166	0.997162	0.001004	1.001367	1.000365	0.997266	0.997802	0.996798
6.384490	1.015503	1.007149	0.008353	1.008625	1.000271	0.997968	1.015228	1.006876
6.423776	1.003363	1.007480	-0.004116	0.996047	1.000163	0.998774	1.003199	1.007315
6.460873	0.994306	1.014280	-0.019974	0.980082	1.000058	0.999565	0.994248	1.014221
6.497293	1.015153	1.011264	0.003889	1.003840	0.999953	1.000350	1.015200	1.011311
6.533656	1.001396	1.009256	-0.007859	0.991988	0.999850	1.001126	1.001547	1.009407
6.570053	0.985189	1.000926	-0.015738	0.984011	0.999749	1.001879	0.985435	1.001177
6.606438	0.984808	1.003786	-0.018978	0.980674	0.999654	1.002592	0.985148	1.004133
6.642835	0.998864	0.994457	0.004407	1.003976	0.999567	1.003249	0.999297	0.994888
6.682842	0.986966	1.001413	-0.014447	0.985033	0.999481	1.003890	0.987478	1.001932
6.719239	0.991811	0.993899	-0.002089	0.997330	0.999415	1.004387	0.992391	0.994481
6.757447	1.002297	0.990740	0.011557	1.010922	0.999359	1.004806	1.002939	0.991376
6.795643	0.984736	0.997514	-0.012778	0.986542	0.999318	1.005112	0.985408	0.998194
6.832041	0.957222	0.981908	-0.024686	0.974621	0.999294	1.005292	0.957898	0.982601
6.868414	0.972251	0.994570	-0.022319	0.976970	0.999286	1.005357	0.972946	0.995281
6.904800	0.992205	0.992199	0.000007	0.999304	0.999292	1.005308	0.992908	0.992901
6.941187	1.016243	0.999828	0.016416	1.015729	0.999314	1.005146	1.016941	1.000514
6.977584	1.001502	0.994035	0.007467	1.006821	0.999350	1.004872	1.002153	0.994681
7.013969	0.994467	1.009427	-0.014960	0.984432	0.999401	1.004495	0.995063	1.010032
7.054009	1.007601	1.020362	-0.012761	0.986695	0.999471	1.003968	1.008134	1.020902
7.091829	1.018276	1.014573	0.003703	1.003243	0.999550	1.003376	1.018734	1.015030
7.130380	1.025922	1.004508	0.021414	1.021052	0.999641	1.002692	1.026290	1.004869
7.166778	1.004317	1.010833	-0.006517	0.993214	0.999735	1.001986	1.004583	1.011101
7.203163	1.015074	1.002639	0.012435	1.012268	0.999835	1.001238	1.015241	1.002804
7.239582	1.030915	1.009331	0.021584	1.021520	0.999938	1.000463	1.030979	1.009393
7.275934	1.026937	1.008229	0.018708	1.018750	1.000043	0.999680	1.026893	1.008186
7.312310	1.003897	1.001538	0.002359	1.002505	1.000146	0.998902	1.003750	1.001392
7.348696	1.031232	1.009115	0.022117	1.022364	1.000247	0.998148	1.030978	1.008866
7.385091	0.996421	0.996605	-0.000184	1.000157	1.000342	0.997434	0.996080	0.996264
7.421466	0.972927	0.992863	-0.019936	0.980491	1.000430	0.996775	0.972509	0.992437
7.457852	0.964282	1.002694	-0.038412	0.962097	1.000509	0.996185	0.963792	1.002185
7.494259	0.970488	1.006766	-0.036278	0.964301	1.000576	0.995676	0.969929	1.006186
7.530635	1.034949	1.009440	0.025509	1.026145	1.000632	0.995260	1.034296	1.008803
7.567009	1.001523	1.007212	-0.005690	0.994987	1.000674	0.994946	1.000848	1.006534
7.603394	1.015546	1.012219	0.003327	1.004034	1.000701	0.994741	1.014834	1.011510
7.639791	0.992626	0.998132	-0.005506	0.995205	1.000714	0.994648	0.991918	0.997421
7.676177	1.020492	1.006985	0.013507	1.014221	1.000711	0.994670	1.019767	1.006270
7.712563	1.017843	1.010984	0.006859	1.007557	1.000693	0.994806	1.017138	1.010284
7.748949	1.009683	1.008646	0.001037	1.001700	1.000660	0.995053	1.009017	1.007981
7.785324	1.015845	1.017986	-0.002141	0.998480	1.000612	0.995407	1.015224	1.017363
7.821709	1.041905	1.012775	0.029130	1.029687	1.000552	0.995859	1.041330	1.012216
7.858094	1.012598	1.012549	0.000049	1.000534	1.000480	0.996399	1.012112	1.012063
7.894480	1.011040	1.007294	0.003746	1.004145	1.000398	0.997017	1.010637	1.006893
7.930888	1.017938	1.003265	0.014673	1.014980	1.000307	0.997699	1.017626	1.002957
7.967274	1.000271	0.997006	0.003265	1.003474	1.000209	0.998431	1.000061	0.996797
8.003659	1.011634	1.000708	0.010926	1.011033	1.000107	0.999196	1.011526	1.000601
8.040033	0.989359	0.996151	-0.006792	0.993211	1.000003	0.999977	0.989356	0.996148
8.076420	1.008410	0.995979	0.012431	1.012331	0.999899	1.000760	1.008512	0.996080
8.112805	0.990919	1.002172	-0.011253	0.988542	0.999796	1.001526	0.991120	1.002376
8.149192	0.981431	0.990525	-0.009094	0.990609	0.999699	1.002260	0.981726	0.990823
8.185577	0.995042	0.998050	-0.003008	0.996599	0.999607	1.002945	0.995433	0.998442
8.221973	0.980495	0.994795	-0.014300	0.985227	0.999524	1.003567	0.980961	0.995268
8.258348	1.004838	0.996322	0.008516	1.007969	0.999452	1.004113	1.005389	0.996869
8.294722	1.000019	1.007536	-0.007518	0.991867	0.999391	1.004570	1.000628	1.008151
8.331141	1.011810	1.004798	0.007012	1.006350	0.999343	1.004930	1.012475	1.005459
8.367505	1.020205	1.018773	0.001432	1.000724	0.999309	1.005183	1.020911	1.019477
8.404235	0.996393	1.007269	-0.010877	0.988406	0.999290	1.005326	0.997101	1.007985
8.445388	1.016679	1.010668	0.006011	1.005288	0.999287	1.005349	1.017404	1.011389
8.486828	1.031101	1.016627	0.014474	1.013762	0.999304	1.005223	1.031819	1.017335
8.523969	1.001522	1.019307	-0.017785	0.981533	0.999335	1.004987	1.002188	1.019985
8.560366	1.006954	1.006662	0.000292	0.999666	0.999380	1.004648	1.007578	1.007286
8.596763	1.025128	1.004573	0.020554	1.019989	0.999439	1.004208	1.025703	1.005137
8.633115	0.998154	1.010289	-0.012135	0.987367	0.999509	1.003680	0.998644	1.010785
8.669522	1.024556	1.003808	0.020748	1.020336	0.999591	1.003071	1.024976	1.004219
8.705909	0.985611	0.989866	-0.004255	0.995429	0.999680	1.002397	0.985926	0.990183
8.742293	0.992863	0.994613	-0.001750	0.998028	0.999777	1.001672	0.993085	0.994835
8.778681	1.010547	1.007441	0.003106	1.002984	0.999879	1.000910	1.010670	1.007564
8.815077	1.029435	1.001140	0.028295	1.028277	0.999983	1.000129	1.029453	1.001158
8.851451	1.013304	1.022409	-0.009105	0.990981	1.000087	0.999346	1.013216	1.022320
8.887837	1.026421	1.019870	0.006551	1.006740	1.000190	0.998577	1.026226	1.019677
8.926411	0.998229	1.010420	-0.012191	0.988104	1.000294	0.997795	0.997936	1.010123
8.964241	1.013394	1.019906	-0.006512	0.993881	1.000389	0.997079	1.013000	1.019510
9.000628	1.019776	1.019390	0.000386	1.000864	1.000473	0.996454	1.019294	1.018909
9.037012	1.023699	1.010956	0.012743	1.013293	1.000546	0.995906	1.023140	1.010404
9.073421	1.020404	1.005997	0.014407	1.015017	1.000607	0.995445	1.019785	1.005387
9.109796	1.012115	1.019031	-0.006916	0.993749	1.000656	0.995082	1.011451	1.018363
9.146171	1.039514	1.007122	0.032392	1.033086	1.000690	0.994824	1.038797	1.006428
9.182556	1.031759	1.014231	0.017528	1.018246	1.000710	0.994678	1.031027	1.013512
9.218941	1.005090	1.008717	-0.003627	0.997092	1.000714	0.994645	1.004373	1.007997
9.255338	1.013721	0.997662	0.016059	1.016760	1.000703	0.994727	1.013009	0.996961
9.291723	0.997706	0.999454	-0.001747	0.998929	1.000677	0.994922	0.997032	0.998778
9.328110	1.023183	0.998046	0.025136	1.025771	1.000636	0.995227	1.022532	0.997411
9.364494	1.003329	1.007969	-0.004640	0.995947	1.000582	0.995633	1.002745	1.007382
9.400880	1.007074	1.007367	-0.000293	1.000227	1.000516	0.996133	1.006555	1.006848
9.437266	1.003852	1.020032	-0.016180	0.984272	1.000438	0.996716	1.003412	1.019586
9.473640	0.988780	1.010834	-0.022053	0.978300	1.000351	0.997369	0.988433	1.010479
9.510048	1.004911	1.017496	-0.012585	0.987674	1.000256	0.998079	1.004654	1.017236
9.546412	1.016833	1.018997	-0.002164	0.997994	1.000156	0.998830	1.016675	1.018838
9.586075	1.013957	1.009691	0.004266	1.004309	1.000043	0.999676	1.013913	1.009647
9.626472	1.018600	1.020644	-0.002044	0.997879	0.999927	1.000547	1.018674	1.020718
9.662868	1.015015	1.017691	-0.002676	0.997144	0.999824	1.001320	1.015193	1.017869
9.699244	1.025975	0.994367	0.031608	1.031334	0.999725	1.002064	1.026257	0.994640
9.735994	1.014945	1.004009	0.010935	1.010564	0.999631	1.002770	1.015319	1.004380
9.775648	1.011809	1.007103	0.004706	1.004239	0.999538	1.003464	1.012276	1.007568
9.812022	1.016017	1.005691	0.010326	1.009786	0.999463	1.004024	1.016563	1.006231
9.848430	1.034274	1.008922	0.025352	1.024745	0.999400	1.004498	1.034894	1.009527
9.884815	1.011547	0.993345	0.018202	1.017557	0.999350	1.004874	1.012205	0.993991
9.921213	0.993645	1.006061	-0.012416	0.986895	0.999314	1.005147	0.994328	1.006752
9.957564	0.994204	1.005454	-0.011250	0.988041	0.999292	1.005309	0.994908	1.006166
9.995418	0.992997	1.010950	-0.017952	0.981324	0.999286	1.005357	0.993707	1.011672
10.034003	1.011683	1.005095	0.006588	1.005880	0.999296	1.005278	1.012396	1.005803
10.070377	0.996903	1.001072	-0.004168	0.995151	0.999322	1.005087	0.997580	1.001751
10.106751	0.999179	1.012463	-0.013284	0.986067	0.999362	1.004787	0.999817	1.013110
10.143137	1.033459	1.013114	0.020344	1.019751	0.999415	1.004384	1.034063	1.013707
10.179545	1.028794	1.018397	0.010397	1.009866	0.999482	1.003887	1.029328	1.018925
10.215920	1.022305	1.016282	0.006022	1.005572	0.999559	1.003307	1.022756	1.016731
10.252305	1.014439	1.020350	-0.005910	0.993726	0.999646	1.002656	1.014799	1.020711
10.288680	1.026578	1.003405	0.023173	1.022912	0.999740	1.001948	1.026845	1.003666
10.328354	1.029218	1.027638	0.001580	1.001422	0.999849	1.001129	1.029373	1.027793
10.365095	1.011926	1.000860	0.011066	1.011020	0.999954	1.000345	1.011973	1.000906
10.405126	1.015960	1.005734	0.010225	1.010294	1.000069	0.999482	1.015890	1.005665
10.441511	0.992055	1.012908	-0.020852	0.979320	1.000172	0.998709	0.991885	1.012734
10.478608	0.990468	1.007125	-0.016656	0.983620	1.000273	0.997949	0.990198	1.006850
10.517937	1.020663	1.008701	0.011963	1.012342	1.000374	0.997194	1.020282	1.008324
10.554289	1.016320	1.003224	0.013096	1.013556	1.000459	0.996558	1.015854	1.002764
10.592865	1.006789	1.007466	-0.000677	0.999864	1.000538	0.995964	1.006248	1.006925
10.630728	1.006572	1.002593	0.003979	1.004583	1.000603	0.995476	1.005965	1.001988
10.667102	1.000376	1.006146	-0.005770	0.994886	1.000653	0.995105	0.999724	1.005490
10.703477	0.997686	1.014494	-0.016809	0.983888	1.000688	0.994840	0.997000	1.013797
10.739874	1.014645	1.013399	0.001245	1.001964	1.000709	0.994685	1.013926	1.012682
10.776270	1.024418	1.009662	0.014756	1.015477	1.000714	0.994643	1.023687	1.008941
10.812655	1.016686	1.010795	0.005890	1.006602	1.000704	0.994717	1.015970	1.010084
10.849042	1.010250	1.026834	-0.016584	0.984112	1.000679	0.994904	1.009564	1.026136
10.888338	1.025138	1.020852	0.004286	1.004933	1.000636	0.995229	1.024486	1.020203
10.925435	1.001299	1.019154	-0.017855	0.982733	1.000581	0.995645	1.000717	1.018562
10.961831	1.019341	1.009693	0.009648	1.010166	1.000514	0.996147	1.018818	1.009174
10.998229	0.985576	1.022098	-0.036522	0.963921	1.000436	0.996732	0.985147	1.021653
11.034603	1.019400	1.028572	-0.009172	0.991182	1.000348	0.997387	1.019045	1.028214
11.070989	1.001697	1.025326	-0.023629	0.976627	1.000254	0.998098	1.001443	1.025066
11.107364	1.025552	1.009664	0.015888	1.016043	1.000153	0.998850	1.025395	1.009509
11.143749	1.006297	1.017604	-0.011307	0.988741	1.000050	0.999626	1.006246	1.017553
11.180135	1.005423	1.001015	0.004408	1.004353	0.999945	1.000411	1.005478	1.001070
11.216532	0.992648	1.011634	-0.018986	0.980855	0.999842	1.001187	0.992805	1.011794
11.252916	1.002861	1.009084	-0.006223	0.993519	0.999742	1.001937	1.003119	1.009344
11.290792	0.990324	0.994527	-0.004203	0.995447	0.999644	1.002674	0.990676	0.994881
11.329321	0.988664	0.994873	-0.006209	0.993347	0.999552	1.003359	0.989107	0.995318
11.365719	1.003731	0.995648	0.008083	1.007561	0.999476	1.003933	1.004257	0.996170
11.402093	1.036744	1.018400	0.018344	1.017742	0.999410	1.004422	1.037356	1.019001
11.438501	1.009607	0.992493	0.017114	1.016477	0.999358	1.004816	1.010256	0.993130
11.474898	0.994386	1.016939	-0.022553	0.976753	0.999319	1.005108	0.995064	1.017632
11.511271	1.007423	1.003486	0.003937	1.003231	0.999295	1.005289	1.008134	1.004194
11.549090	1.011255	1.027086	-0.015832	0.983434	0.999286	1.005358	1.011977	1.027821
11.589521	1.000997	1.016016	-0.015019	0.984262	0.999294	1.005294	1.001704	1.016733
11.627717	1.000174	1.025544	-0.025370	0.973928	0.999319	1.005104	1.000855	1.026242
11.664081	1.055753	1.015082	0.040670	1.040017	0.999358	1.004812	1.056431	1.015734
11.700490	1.018698	1.022588	-0.003890	0.995505	0.999411	1.004416	1.019298	1.023190
11.736875	1.029110	1.017983	0.011127	1.010592	0.999476	1.003926	1.029649	1.018516
11.773249	1.027420	1.023255	0.004165	1.003704	0.999553	1.003352	1.027879	1.023712
11.809624	1.023822	1.013109	0.010713	1.010345	0.999639	1.002706	1.024192	1.013475
11.846053	1.012592	1.010779	0.001813	1.001542	0.999733	1.002001	1.012862	1.011049
11.882418	1.004243	1.002535	0.001708	1.001540	0.999833	1.001254	1.004411	1.002702
11.918803	1.008960	1.001798	0.007162	1.007097	0.999936	1.000480	1.009025	1.001862
11.955177	1.022257	1.003495	0.018762	1.018803	1.000041	0.999696	1.022216	1.003454
11.995574	1.020812	1.006056	0.014756	1.014912	1.000156	0.998833	1.020653	1.005900
12.035237	0.998284	1.004090	-0.005806	0.994460	1.000265	0.998016	0.998020	1.003825
12.072711	0.981037	1.014799	-0.033761	0.966603	1.000361	0.997291	0.980683	1.014432
12.111664	1.018382	1.009298	0.009085	1.009540	1.000453	0.996602	1.017921	1.008841
12.148027	1.019024	1.021620	-0.002596	0.997940	1.000529	0.996034	1.018485	1.021080
12.184412	1.019318	1.017113	0.002205	1.002805	1.000593	0.995550	1.018714	1.016510
12.221165	1.042794	1.026571	0.016223	1.016882	1.000646	0.995159	1.042122	1.025909
12.260828	1.036469	1.015178	0.021291	1.021984	1.000686	0.994855	1.035758	1.014482
12.297203	1.038849	1.031648	0.007201	1.007925	1.000708	0.994692	1.038114	1.030918
12.333589	1.029627	1.029747	-0.000120	1.000611	1.000714	0.994643	1.028892	1.029012
12.369985	1.026127	1.017053	0.009073	1.009789	1.000706	0.994708	1.025403	1.016336
12.406370	1.029366	1.016602	0.012765	1.013456	1.000682	0.994887	1.028665	1.015909
12.442746	1.034646	1.029086	0.005561	1.006220	1.000643	0.995175	1.033981	1.028424
12.480597	1.007033	1.012064	-0.005031	0.995566	1.000589	0.995585	1.006440	1.011468
12.519150	1.002520	1.008864	-0.006343	0.994180	1.000519	0.996107	1.002000	1.008340
12.555547	1.005831	0.997538	0.008293	1.008734	1.000442	0.996687	1.005387	0.997097
12.594844	1.013170	1.009817	0.003353	1.003706	1.000348	0.997392	1.012818	1.009466
12.635595	1.020745	1.015275	0.005470	1.005718	1.000241	0.998192	1.020499	1.015030
12.672014	1.029104	1.015526	0.013578	1.013720	1.000140	0.998948	1.028959	1.015383
12.710545	1.015399	1.009216	0.006183	1.006214	1.000030	0.999773	1.015368	1.009185
12.748396	1.014928	1.000839	0.014089	1.014012	0.999922	1.000588	1.015007	1.000918
12.784771	1.028805	1.020310	0.008494	1.008307	0.999819	1.001359	1.028991	1.020495
12.821157	1.020671	1.019341	0.001329	1.001044	0.999720	1.002102	1.020957	1.019627
12.857542	1.018226	1.013300	0.004926	1.004549	0.999627	1.002799	1.018606	1.013678
12.893929	1.009463	1.018907	-0.009444	0.990088	0.999542	1.003436	1.009925	1.019374
12.930336	1.011389	1.012418	-0.001029	0.998431	0.999467	1.004000	1.011928	1.012958
12.966711	0.999904	1.025192	-0.025288	0.974097	0.999403	1.004477	1.000501	1.025804
13.003084	1.020223	1.012990	0.007233	1.006575	0.999352	1.004859	1.020884	1.013647
13.039504	1.034357	1.022323	0.012034	1.011334	0.999315	1.005137	1.035066	1.023024
13.075856	1.020260	1.017463	0.002797	1.002074	0.999293	1.005304	1.020982	1.018183
13.112253	1.020417	1.018863	0.001553	1.000822	0.999286	1.005358	1.021146	1.019592
13.148639	1.011019	1.022871	-0.011852	0.987424	0.999294	1.005296	1.011734	1.023593
13.185024	1.002270	1.008265	-0.005995	0.993317	0.999317	1.005122	1.002955	1.008954
13.221443	1.027897	1.015435	0.012462	1.011807	0.999355	1.004837	1.028561	1.016091
13.257785	1.029598	1.010607	0.018991	1.018394	0.999407	1.004449	1.030209	1.011207
13.294170	1.003420	1.006324	-0.002903	0.996567	0.999471	1.003966	1.003951	1.006856
13.330567	0.996017	1.019460	-0.023443	0.976097	0.999547	1.003397	0.996468	1.019922
13.366941	1.053842	1.025848	0.027994	1.027619	0.999633	1.002756	1.054229	1.026225
13.403328	1.020486	1.017318	0.003168	1.002891	0.999726	1.002055	1.020766	1.017597
13.439735	1.013217	1.018962	-0.005745	0.994076	0.999825	1.001310	1.013394	1.019140
13.478655	1.024208	1.028777	-0.004569	0.995361	0.999936	1.000483	1.024274	1.028844
13.516139	1.019508	1.027154	-0.007647	0.992394	1.000043	0.999675	1.019464	1.027110
13.552503	1.012324	1.018780	-0.006456	0.993692	1.000147	0.998898	1.012175	1.018630
13.591088	1.026268	1.023236	0.003031	1.003288	1.000253	0.998100	1.026008	1.022977
13.628930	1.036654	1.021541	0.015114	1.015473	1.000352	0.997361	1.036290	1.021182
13.668216	1.021119	1.036618	-0.015499	0.984957	1.000445	0.996660	1.020665	1.036157
13.705345	1.043795	1.027809	0.015986	1.016522	1.000524	0.996073	1.043249	1.027271
13.741720	1.042819	1.029117	0.013703	1.014306	1.000589	0.995583	1.042206	1.028511
13.794494	1.026451	1.021318	0.005133	1.005807	1.000661	0.995043	1.025774	1.020644
14.067727	0.978246	0.994202	-0.015957	0.979987	1.000541	0.995942	0.982232	0.998254
14.106667	0.997451	0.995294	0.002157	0.998698	1.000462	0.996538	1.000917	0.998753
14.143042	0.994524	0.995739	-0.001215	0.995957	1.000377	0.997172	0.997346	0.998564
14.179450	1.004758	0.996354	0.008404	1.006270	1.000284	0.997868	1.006907	0.998485
14.215814	0.986849	0.997020	-0.010171	0.988433	1.000186	0.998608	0.988226	0.998412
14.252210	0.995870	0.995475	0.000395	0.999766	1.000083	0.999379	0.996491	0.996096
14.288585	0.990493	0.998920	-0.008427	0.991734	0.999978	1.000162	0.990334	0.998760
14.324982	0.994634	0.998389	-0.003755	0.997181	0.999874	1.000942	0.993699	0.997451
14.361378	1.002922	1.000278	0.002645	1.004340	0.999773	1.001703	1.001219	0.998579
14.397752	0.997791	1.002566	-0.004775	0.997650	0.999677	1.002426	0.995378	1.000141
14.435583	1.003426	1.002219	0.001207	1.004324	0.999584	1.003123	1.000304	0.999100
14.474178	1.007419	1.002910	0.004509	1.008262	0.999499	1.003759	1.003647	0.999155
14.510565	1.009199	1.003692	0.005507	1.009779	0.999430	1.004277	1.004903	0.999419
14.546950	1.008506	1.003726	0.004779	1.009475	0.999373	1.004702	1.003787	0.999030
14.583347	1.007817	1.003060	0.004758	1.009769	0.999330	1.005027	1.002778	0.998044
14.619733	0.997023	1.003761	-0.006738	0.998500	0.999301	1.005244	0.991823	0.998526
14.657207	1.003329	1.004065	-0.000736	1.004607	0.999287	1.005349	0.997990	0.998723
14.696126	0.994343	1.004021	-0.009678	0.995646	0.999289	1.005330	0.989071	0.998698
14.732512	1.003589	1.003865	-0.000275	1.004910	0.999307	1.005195	0.998403	0.998677
14.768897	1.004633	1.005535	-0.000902	1.004050	0.999340	1.004947	0.999687	1.000584
14.805283	1.002793	1.003750	-0.000956	1.003633	0.999388	1.004594	0.998207	0.999159
14.841669	1.004269	1.003312	0.000956	1.005096	0.999448	1.004142	1.000125	0.999173
14.878432	0.990301	1.002015	-0.011714	0.991872	0.999521	1.003595	0.986752	0.998425
14.918073	0.994959	1.001505	-0.006546	0.996371	0.999611	1.002918	0.992063	0.998589
14.954470	0.988706	1.000728	-0.012022	0.990204	0.999703	1.002230	0.986504	0.998500
14.990856	0.994802	0.999353	-0.004551	0.996946	0.999801	1.001495	0.993315	0.997859
15.027241	0.998531	0.998841	-0.000310	1.000421	0.999903	1.000728	0.997803	0.998112
15.063639	0.999334	0.998942	0.000392	1.000337	1.000007	0.999945	0.999387	0.998995
15.100024	1.001993	0.998156	0.003838	1.003001	1.000112	0.999163	1.002831	0.998990
15.136410	1.011334	0.997744	0.013590	1.011991	1.000213	0.998399	1.012954	0.999342
15.172784	0.996097	0.996921	-0.000824	0.996849	1.000311	0.997670	0.998422	0.999248
15.209159	1.007658	0.995561	0.012097	1.009090	1.000401	0.996991	1.010698	0.998565
15.245565	0.989078	0.994322	-0.005245	0.991134	1.000483	0.996375	0.992674	0.997938
15.281930	0.990146	0.994293	-0.004147	0.991696	1.000555	0.995838	0.994282	0.998446
15.318337	0.998330	0.993575	0.004755	1.000150	1.000615	0.995390	1.002953	0.998176
15.354701	0.994728	0.992257	0.002471	0.997536	1.000661	0.995041	0.999684	0.997201
15.391109	0.993993	0.993206	0.000786	0.995590	1.000694	0.994798	0.999190	0.998399
15.427483	0.993697	0.993382	0.000315	0.994988	1.000711	0.994666	0.999025	0.998708
15.463880	0.992581	0.993372	-0.000792	0.993865	1.000713	0.994649	0.997920	0.998716
15.500244	0.987256	0.993391	-0.006136	0.988620	1.000700	0.994747	0.992469	0.998637
15.536674	0.986354	0.993319	-0.006965	0.987996	1.000672	0.994958	0.991353	0.998354
15.574892	0.993584	0.995143	-0.001558	0.993737	1.000627	0.995295	0.998282	0.999848
15.616357	0.987562	0.995016	-0.007454	0.988333	1.000562	0.995786	0.991742	0.999227
15.653109	1.006875	0.995744	0.011131	1.007451	1.000491	0.996320	1.010595	0.999423
15.689483	1.004062	0.996981	0.007081	1.004008	1.000410	0.996928	1.007157	1.000054
15.725901	1.005973	0.997121	0.008852	1.006453	1.000320	0.997603	1.008392	0.999519
15.762264	0.989409	0.998373	-0.008964	0.989362	1.000223	0.998328	0.991068	1.000047
15.798662	0.991722	0.998193	-0.006471	0.992616	1.000121	0.999089	0.992627	0.999104
15.835037	1.004141	1.001055	0.003086	1.002956	1.000017	0.999870	1.004274	1.001187
15.871422	1.001802	1.000913	0.000889	1.001541	0.999913	1.000653	1.001150	1.000262
15.907807	0.994849	0.999600	-0.004751	0.996669	0.999810	1.001423	0.993437	0.998181
15.947460	1.004519	1.000950	0.003569	1.005791	0.999703	1.002226	1.002289	0.998728
15.984212	1.004646	1.001807	0.002839	1.005754	0.999611	1.002921	1.001723	0.998891
16.020609	0.996042	1.001854	-0.005812	0.997730	0.999527	1.003545	0.992525	0.998317
16.056995	1.018438	1.002591	0.015847	1.019936	0.999454	1.004094	1.014287	0.998504
16.093380	1.007291	1.003150	0.004141	1.008685	0.999393	1.004555	1.002725	0.998603
16.129757	1.006766	1.003650	0.003116	1.008027	0.999344	1.004918	1.001840	0.998739
16.166142	0.997052	1.004172	-0.007119	0.998049	0.999310	1.005175	0.991919	0.999002
16.202549	1.013065	1.006018	0.007048	1.012374	0.999290	1.005322	1.007702	1.000692
16.238934	0.995714	1.003588	-0.007874	0.997473	0.999286	1.005355	0.990410	0.998243
16.275286	1.011743	1.005218	0.006524	1.011798	0.999297	1.005273	1.006436	0.999946
16.311695	1.000162	1.005206	-0.005043	1.000036	0.999323	1.005078	0.995109	1.000127
16.348057	1.009709	1.003329	0.006379	1.011148	0.999363	1.004774	1.004911	0.998562
16.384455	1.003486	1.005319	-0.001833	1.002541	0.999418	1.004367	0.999122	1.000947
16.423374	1.001042	1.002213	-0.001171	1.002654	0.999489	1.003829	0.997222	0.998389
16.460859	1.009787	1.003720	0.006067	1.009292	0.999570	1.003222	1.006542	1.000495
16.497246	1.004330	1.003487	0.000844	1.003412	0.999658	1.002563	1.001762	1.000920
16.533642	0.996876	1.000241	-0.003364	0.998484	0.999754	1.001848	0.995036	0.998394
16.570017	1.001668	0.999879	0.001790	1.002881	0.999854	1.001094	1.000572	0.998784
16.606413	0.988683	0.998693	-0.010010	0.990309	0.999958	1.000316	0.988368	0.998375
16.642809	0.990928	0.998801	-0.007874	0.991660	1.000062	0.999532	0.991390	0.999268
16.679184	1.006562	0.997067	0.009495	1.008258	1.000166	0.998757	1.007812	0.998305
16.715570	0.995198	0.996978	-0.001780	0.996233	1.000265	0.998010	0.997181	0.998964
16.751957	0.993652	0.996992	-0.003340	0.993967	1.000359	0.997305	0.996336	0.999685
16.788342	1.009895	0.996308	0.013587	1.010247	1.000446	0.996657	1.013280	0.999647
16.824726	1.001573	0.994742	0.006831	1.002921	1.000522	0.996082	1.005512	0.998654
16.861101	0.993621	0.993491	0.000129	0.995731	1.000588	0.995590	0.998020	0.997890
16.897511	0.997310	0.995443	0.001867	0.997061	1.000641	0.995193	1.002126	1.000250
16.933884	0.994191	0.997247	-0.003056	0.991836	1.000680	0.994899	0.999287	1.002359
16.970270	1.001738	0.997349	0.004389	0.999094	1.000705	0.994714	1.007060	1.002648
17.006666	0.995549	0.994588	0.000961	0.995606	1.000714	0.994643	1.000910	0.999944
17.043041	0.991935	0.994863	-0.002929	0.991758	1.000708	0.994687	0.997233	1.000177
17.079426	0.988149	0.996661	-0.008512	0.986325	1.000687	0.994844	0.993271	1.001827
17.115824	0.985464	0.993700	-0.008236	0.986883	1.000652	0.995112	0.990304	0.998581
17.152208	0.995168	0.994802	0.000366	0.995852	1.000602	0.995485	0.999682	0.999315
17.188595	0.999681	0.995561	0.004120	1.000074	1.000539	0.995954	1.003743	0.999606
17.226080	0.988279	0.995476	-0.007197	0.989334	1.000463	0.996529	0.991723	0.998945
17.264999	0.995794	0.993328	0.002466	0.999679	1.000372	0.997208	0.998583	0.996110
17.301373	1.008109	0.995736	0.012373	1.010280	1.000279	0.997906	1.010226	0.997828
17.339592	1.000481	0.997916	0.002565	1.001250	1.000175	0.998687	1.001798	0.999230
17.377800	0.990421	0.999610	-0.009189	0.990308	1.000067	0.999498	0.990919	1.000113
17.414564	1.002749	1.000104	0.002645	1.002934	0.999961	1.000291	1.002459	0.999815
17.454195	0.998511	1.002952	-0.004441	0.996699	0.999848	1.001137	0.997378	1.001815
17.490623	0.996291	1.002157	-0.005866	0.996024	0.999748	1.001891	0.994412	1.000268
17.526999	1.012324	1.002216	0.010108	1.012708	0.999653	1.002602	1.009698	0.999616
17.563372	0.994576	1.004993	-0.010417	0.992848	0.999566	1.003258	0.991347	1.001731
17.599791	1.003760	1.003552	0.000209	1.004051	0.999487	1.003845	0.999918	0.999710
17.636156	1.013829	1.004846	0.008983	1.013333	0.999420	1.004348	1.009441	1.000497
17.672529	1.001673	1.004786	-0.003113	1.001646	0.999366	1.004758	0.996931	1.000028
17.708939	1.006553	1.006427	0.000127	1.005201	0.999324	1.005067	1.001480	1.001353
17.745323	1.007917	1.005449	0.002468	1.007736	0.999298	1.005267	1.002637	1.000181
17.781698	0.996789	1.006034	-0.009245	0.996113	0.999286	1.005354	0.991481	1.000677
17.818094	1.005487	1.008126	-0.002639	1.002706	0.999290	1.005326	1.000161	1.002786
17.854458	1.000794	1.003892	-0.003098	1.002077	0.999309	1.005184	0.995633	0.998714
17.890865	1.007779	1.003851	0.003928	1.008851	0.999343	1.004931	1.002834	0.998925
17.927252	1.014442	1.003557	0.010886	1.015453	0.999390	1.004572	1.009825	0.998989
17.963648	1.001735	1.001912	-0.000177	1.003933	0.999451	1.004115	0.997630	0.997805
18.000000	0.999163	1.002141	-0.002978	1.000589	0.999524	1.003570	0.995608	0.998575
18.036409	1.009305	0.998173	0.011132	1.014073	0.999607	1.002948	1.006337	0.995238
18.072784	1.001383	1.001688	-0.000305	1.001959	0.999698	1.002263	0.999120	0.999425
18.109169	0.996266	1.000243	-0.003977	0.997554	0.999796	1.001530	0.994742	0.998713
18.145555	1.005473	1.002228	0.003245	1.004013	0.999898	1.000764	1.004704	1.001461
18.181940	0.999346	0.998739	0.000607	1.000591	1.000003	0.999981	0.999363	0.998755
18.218338	0.998827	0.998387	0.000439	0.999641	1.000107	0.999199	0.999626	0.999186
18.254723	0.992565	0.999873	-0.007308	0.991128	1.000209	0.998434	0.994120	1.001439
18.291086	1.009223	1.000302	0.008921	1.006624	1.000306	0.997703	1.011544	1.002603
18.327505	0.998130	0.998129	0.000001	0.997021	1.000397	0.997020	1.001111	1.001110
18.363869	0.998321	0.999450	-0.001129	0.995268	1.000480	0.996402	1.001924	1.003057
18.402811	1.006333	0.997020	0.009314	1.005138	1.000556	0.995826	1.010550	1.001197
18.440273	1.000262	0.996773	0.003489	0.998855	1.000618	0.995369	1.004915	1.001409
18.476681	0.990243	0.995304	-0.005061	0.989964	1.000663	0.995025	0.995193	1.000279
18.513056	0.994595	0.994937	-0.000342	0.994447	1.000695	0.994788	0.999806	1.000149
18.549431	0.996519	0.994303	0.002216	0.996881	1.000712	0.994663	1.001866	0.999638
18.585827	0.991607	0.994374	-0.002767	0.991886	1.000713	0.994652	0.996938	0.999720
18.622202	0.998002	0.993939	0.004063	0.998821	1.000699	0.994755	1.003263	0.999179
18.658600	0.992917	0.995611	-0.002694	0.992275	1.000670	0.994972	0.997935	1.000643
18.694996	1.001251	0.996074	0.005176	1.000469	1.000627	0.995296	1.005984	1.000783
18.731380	1.004128	0.995830	0.008298	1.004017	1.000571	0.995721	1.008444	1.000111
18.767746	0.999906	0.997462	0.002445	0.998678	1.000502	0.996237	1.003684	1.001230
18.804142	0.994580	0.996810	-0.002229	0.994604	1.000422	0.996835	0.997740	0.999976
18.840527	0.991044	0.997858	-0.006814	0.990684	1.000333	0.997500	0.993529	1.000360
18.879467	0.993349	0.999196	-0.005847	0.992423	1.000231	0.998270	0.995071	1.000928
18.916922	0.996914	1.000541	-0.003627	0.995424	1.000126	0.999052	0.997861	1.001492
18.953316	1.000363	1.002656	-0.002293	0.997544	1.000022	0.999833	1.000532	1.002826
18.991880	1.000687	1.003342	-0.002655	0.998011	0.999912	1.000663	1.000026	1.002679
19.029720	1.006673	1.004867	0.001806	1.003278	0.999805	1.001462	1.005205	1.003402
19.066107	1.012943	1.005747	0.007196	1.009406	0.999707	1.002200	1.010722	1.003541
19.102514	1.005024	1.005414	-0.000389	1.002514	0.999615	1.002890	1.002130	1.002518
19.138889	1.013388	1.005642	0.007746	1.011274	0.999531	1.003517	1.009838	1.002119
19.175274	1.009451	1.003688	0.005762	1.009829	0.999457	1.004070	1.005361	0.999622
19.211660	1.009268	1.004371	0.004897	1.009431	0.999395	1.004535	1.004713	0.999838
19.248058	1.007553	1.004181	0.003372	1.008269	0.999346	1.004903	1.002638	0.999282
19.290966	1.002607	1.004752	-0.002146	1.003053	0.999306	1.005201	0.997419	0.999554
19.328096	1.013939	1.005196	0.008743	1.014076	0.999289	1.005335	1.008559	0.999863
19.364458	1.015303	1.004146	0.011157	1.016498	0.999287	1.005350	1.009900	0.998803
19.400877	0.999117	1.006634	-0.007518	0.997742	0.999300	1.005250	0.993899	1.001377
19.437241	1.005445	1.005834	-0.000389	1.004655	0.999328	1.005038	1.000404	1.000792
19.473637	1.008806	1.007553	0.001253	1.005989	0.999371	1.004718	1.004068	1.002821
19.510000	1.003919	1.005441	-0.001523	1.002782	0.999427	1.004297	0.999623	1.001139
19.546410	1.011789	1.007182	0.004607	1.008409	0.999496	1.003783	1.007975	1.003385
19.582783	1.008071	1.005497	0.002574	1.005774	0.999575	1.003189	1.004865	1.002299
19.619179	0.994484	1.002661	-0.008177	0.994351	0.999663	1.002526	0.991977	1.000134
19.655567	1.003271	1.003721	-0.000449	1.001367	0.999759	1.001809	1.001458	1.001907
19.691952	0.997852	1.002866	-0.005014	0.996044	0.999860	1.001053	0.996800	1.001809
19.728348	0.994716	1.003717	-0.009001	0.991281	0.999963	1.000275	0.994442	1.003440
19.768356	1.000936	1.001714	-0.000778	0.998638	1.000078	0.999412	1.001522	1.002301
19.804775	1.007922	1.001303	0.006619	1.005260	1.000181	0.998640	1.009292	1.002664
19.842216	0.998227	1.000667	-0.002440	0.995440	1.000283	0.997877	1.000349	1.002794
19.881168	0.985756	0.998803	-0.013047	0.984087	1.000382	0.997135	0.988587	1.001671
19.920832	0.996680	0.997579	-0.000899	0.995551	1.000473	0.996451	1.000228	1.001130
19.957550	0.995644	0.995998	-0.000354	0.995546	1.000547	0.995898	0.999743	1.000099
19.994680	0.993462	0.995480	-0.002018	0.993414	1.000609	0.995431	0.998021	1.000048
20.033955	0.997045	0.996866	0.000178	0.995219	1.000660	0.995047	1.002007	1.001827
20.070374	0.998448	0.994379	0.004069	0.998874	1.000693	0.994802	1.003664	0.999575
20.106737	0.998596	0.994552	0.004044	0.998714	1.000711	0.994668	1.003948	0.999882
20.143145	0.994359	0.996889	-0.002530	0.992110	1.000713	0.994649	0.999709	1.002252
20.179508	1.006866	0.995316	0.011550	1.006291	1.000701	0.994744	1.012186	1.000575
20.215904	0.989276	0.996224	-0.006948	0.987999	1.000673	0.994952	0.994296	1.001279
20.252279	1.008004	0.998766	0.009238	1.004496	1.000631	0.995268	1.012797	1.003515
20.288689	0.996166	0.997176	-0.001009	0.994672	1.000575	0.995686	1.000483	1.001497
20.325052	1.000060	0.999928	0.000132	0.996317	1.000507	0.996196	1.003880	1.003747
20.361460	1.009455	1.000590	0.008865	1.005645	1.000428	0.996788	1.012709	1.003815
20.397833	0.989929	0.992509	-0.002581	0.994875	1.000340	0.997448	0.992463	0.995050
20.435308	1.000985	1.002332	-0.001347	0.996834	1.000242	0.998186	1.002806	1.004156
20.474260	0.993478	0.999794	-0.006316	0.992679	1.000134	0.998996	0.994478	1.000801
20.510624	1.005327	0.999392	0.005934	1.005708	1.000030	0.999775	1.005555	0.999620
20.547020	0.999352	1.000169	-0.000817	0.999741	0.999925	1.000559	0.998795	0.999612
20.583427	0.999269	1.002159	-0.002890	0.998441	0.999822	1.001331	0.997942	1.000829
20.619791	0.997941	1.002552	-0.004611	0.997463	0.999723	1.002074	0.995877	1.000479
20.656199	0.996279	1.000951	-0.004672	0.998096	0.999630	1.002774	0.993524	0.998184
20.692574	0.993425	1.004309	-0.010884	0.992533	0.999545	1.003413	0.990048	1.000894
20.729317	1.002543	1.003648	-0.001105	1.002878	0.999469	1.003985	0.998565	0.999666
20.768990	1.008028	1.007085	0.000942	1.005460	0.999399	1.004504	1.003509	1.002571
20.805387	1.008154	1.004163	0.003991	1.008866	0.999349	1.004880	1.003260	0.999288
20.841749	1.005186	1.001758	0.003428	1.008561	0.999313	1.005150	1.000037	0.996626
20.894543	0.999219	1.002679	-0.003461	1.001871	0.999287	1.005346	0.993906	0.997348
