0.020591	0.986395	0.987868	-0.001473	0.996400	0.997874	0.997194	0.988495	0.989970
0.056972	0.987091	0.987132	-0.000041	0.997689	0.997727	0.997000	0.989338	0.989379
0.093364	0.990271	0.987288	0.002983	1.000594	0.997597	0.996828	0.992655	0.989665
0.129766	0.985563	0.988204	-0.002641	0.994862	0.997485	0.996680	0.988047	0.990694
0.166135	0.983779	0.987602	-0.003823	0.993587	0.997391	0.996556	0.986351	0.990184
0.202549	0.988499	0.987909	0.000589	0.997925	0.997316	0.996457	0.991157	0.990566
0.238919	0.988744	0.991769	-0.003025	0.994251	0.997261	0.996385	0.991458	0.994491
0.275322	0.986156	0.987848	-0.001692	0.995556	0.997227	0.996339	0.988897	0.990594
0.311702	0.990805	0.990498	0.000308	0.997538	0.997213	0.996321	0.993573	0.993265
0.348126	0.994765	0.991304	0.003461	1.000696	0.997219	0.996329	0.997538	0.994067
0.384485	0.987877	0.991392	-0.003515	0.993747	0.997246	0.996365	0.990604	0.994128
0.420888	0.986118	0.992931	-0.006813	0.990492	0.997293	0.996427	0.988793	0.995625
0.457268	0.988665	0.992516	-0.003851	0.993522	0.997361	0.996516	0.991280	0.995141
0.493671	0.994509	0.994121	0.000388	0.997845	0.997448	0.996631	0.997053	0.996664
0.530052	0.994285	0.990650	0.003635	1.001203	0.997553	0.996770	0.996723	0.993079
0.566465	0.986188	0.988628	-0.002439	0.995254	0.997677	0.996934	0.988484	0.990929
0.602834	0.992550	0.989136	0.003415	1.001246	0.997818	0.997120	0.994720	0.991298
0.639260	0.991990	0.991484	0.000506	0.998494	0.997975	0.997327	0.994003	0.993496
0.675629	0.995968	0.991921	0.004047	1.002203	0.998147	0.997554	0.997816	0.993762
0.712376	0.990839	0.995031	-0.004193	0.994148	0.998335	0.997802	0.992491	0.996691
0.752068	0.989824	0.993050	-0.003226	0.995332	0.998551	0.998088	0.991260	0.994491
0.788449	0.990843	0.993722	-0.002880	0.995886	0.998761	0.998364	0.992072	0.994955
0.825929	0.989519	0.995227	-0.005708	0.993282	0.998987	0.998662	0.990523	0.996237
0.864866	0.998775	0.994885	0.003889	1.003121	0.999229	0.998983	0.999545	0.995653
0.901268	0.990055	0.995040	-0.004985	0.994478	0.999462	0.999290	0.990588	0.995575
0.937659	0.995804	0.996591	-0.000786	0.998914	0.999699	0.999603	0.996105	0.996891
0.974040	0.991392	0.996651	-0.005259	0.994678	0.999938	0.999918	0.991454	0.996713
1.010431	0.996533	0.998787	-0.002254	0.997923	1.000178	1.000234	0.996357	0.998610
1.046845	0.996134	0.996396	-0.000262	1.000150	1.000416	1.000549	0.995721	0.995983
1.083238	1.004932	1.002452	0.002480	1.003132	1.000651	1.000859	1.004279	1.001801
1.119617	0.998514	0.997913	0.000601	1.001479	1.000881	1.001163	0.997636	0.997035
1.156021	1.000370	0.996856	0.003513	1.004612	1.001105	1.001459	0.999266	0.995757
1.192400	0.990347	0.994394	-0.004047	0.997260	1.001321	1.001743	0.989042	0.993084
1.228792	0.994787	0.993961	0.000826	1.002337	1.001527	1.002015	0.993272	0.992447
1.265184	0.993951	0.995143	-0.001192	1.000514	1.001721	1.002272	0.992245	0.993435
1.301576	0.995330	0.996013	-0.000683	1.001207	1.001903	1.002512	0.993441	0.994122
1.340867	0.994492	0.994536	-0.000045	1.002018	1.002084	1.002751	0.992426	0.992470
1.379815	0.999712	0.996741	0.002971	1.005201	1.002245	1.002964	0.997474	0.994510
1.418029	0.987332	0.997203	-0.009871	0.992499	1.002385	1.003148	0.984984	0.994832
1.454420	0.998702	0.998829	-0.000127	1.002363	1.002500	1.003300	0.996213	0.996340
1.490823	0.997305	0.995888	0.001418	1.003993	1.002597	1.003428	0.994724	0.993310
1.527203	0.994925	0.999475	-0.004550	0.998115	1.002674	1.003530	0.992272	0.996810
1.563584	1.001398	0.999418	0.001979	1.004701	1.002732	1.003606	0.998671	0.996697
1.599998	0.995649	0.996839	-0.001190	1.001560	1.002769	1.003656	0.992901	0.994088
1.636390	0.993792	0.999094	-0.005302	0.997472	1.002787	1.003678	0.991032	0.996319
1.672792	1.002381	1.000522	0.001859	1.004635	1.002783	1.003674	0.999600	0.997746
1.709172	0.995646	1.002195	-0.006549	0.996208	1.002759	1.003642	0.992908	0.999439
1.745575	0.997842	0.998303	-0.000461	1.002240	1.002715	1.003583	0.995142	0.995602
1.781978	1.000863	0.999055	0.001808	1.004447	1.002650	1.003498	0.998219	0.996416
1.818359	0.998902	0.998459	0.000443	1.002997	1.002566	1.003387	0.996346	0.995904
1.854739	0.992223	0.997015	-0.004792	0.997656	1.002463	1.003252	0.989786	0.994566
1.891131	0.993888	0.994099	-0.000211	1.002106	1.002342	1.003092	0.991566	0.991777
1.927533	0.993564	0.995058	-0.001494	1.000690	1.002204	1.002909	0.991380	0.992870
1.963925	0.993285	0.993928	-0.000643	1.001384	1.002049	1.002705	0.991255	0.991897
2.000328	0.990818	0.993908	-0.003091	0.998769	1.001879	1.002480	0.988960	0.992045
2.036697	0.992989	0.992325	0.000664	1.002335	1.001695	1.002238	0.991309	0.990646
2.073100	0.994010	0.992420	0.001590	1.003068	1.001499	1.001979	0.992523	0.990935
2.109491	0.992997	0.993941	-0.000943	1.000336	1.001292	1.001705	0.991716	0.992658
2.145894	0.990096	0.992620	-0.002524	0.998536	1.001075	1.001419	0.989033	0.991554
2.182274	1.001382	0.995733	0.005649	1.006494	1.000850	1.001122	1.000531	0.994887
2.218666	0.998966	0.996137	0.002828	1.003444	1.000619	1.000817	0.998347	0.995521
2.255057	1.003196	0.994968	0.008228	1.008608	1.000383	1.000506	1.002811	0.994586
2.291460	0.999417	0.995276	0.004142	1.004285	1.000145	1.000191	0.999272	0.995131
2.327841	0.997482	0.995907	0.001574	1.001480	0.999905	0.999875	0.997576	0.996001
2.364243	0.990841	0.993464	-0.002623	0.997044	0.999666	0.999559	0.991171	0.993795
2.400635	0.994258	0.995883	-0.001625	0.997808	0.999430	0.999247	0.994824	0.996450
2.437015	0.994652	0.996610	-0.001958	0.997244	0.999198	0.998941	0.995449	0.997409
2.473418	0.991474	0.995085	-0.003611	0.995365	0.998971	0.998642	0.992494	0.996108
2.509798	0.994819	0.992759	0.002061	1.000820	0.998753	0.998354	0.996060	0.993997
2.546190	0.994142	0.993466	0.000676	0.999227	0.998543	0.998077	0.995591	0.994914
2.582593	0.991496	0.991104	0.000392	0.998747	0.998345	0.997815	0.993139	0.992746
2.618963	0.988230	0.988762	-0.000532	0.997638	0.998158	0.997569	0.990052	0.990585
2.655365	0.984221	0.989023	-0.004802	0.993196	0.997985	0.997341	0.986206	0.991018
2.691745	0.989378	0.988899	0.000479	0.998321	0.997827	0.997132	0.991531	0.991050
2.728160	0.994538	0.990096	0.004442	1.002142	0.997685	0.996945	0.996843	0.992391
2.764551	0.986912	0.990917	-0.004005	0.993571	0.997561	0.996780	0.989324	0.993339
2.800931	0.987935	0.990879	-0.002944	0.994526	0.997454	0.996639	0.990456	0.993407
2.837334	0.990604	0.990602	0.000002	0.997385	0.997366	0.996523	0.993219	0.993216
2.873737	0.993644	0.991926	0.001717	0.999030	0.997297	0.996432	0.996335	0.994613
2.910096	0.987761	0.991067	-0.003306	0.993959	0.997248	0.996368	0.990485	0.993800
2.946520	0.996495	0.993219	0.003276	1.000509	0.997220	0.996331	0.999272	0.995986
2.982890	0.994824	0.992633	0.002190	0.999416	0.997212	0.996320	0.997603	0.995407
3.019282	0.994117	0.991644	0.002473	0.999713	0.997225	0.996337	0.996881	0.994402
3.055672	0.993130	0.993749	-0.000618	0.996651	0.997258	0.996381	0.995859	0.996479
3.092087	0.996177	0.993724	0.002453	0.999775	0.997312	0.996452	0.998860	0.996401
3.130656	0.995707	0.993610	0.002096	0.999498	0.997391	0.996556	0.998311	0.996209
3.168481	0.998729	0.993046	0.005683	1.003183	0.997488	0.996685	1.001243	0.995545
3.204873	0.988069	0.990832	-0.002763	0.994853	0.997602	0.996834	0.990443	0.993213
3.241274	0.985456	0.988689	-0.003233	0.994515	0.997732	0.997007	0.987695	0.990935
3.277667	0.994441	0.989386	0.005055	1.002948	0.997880	0.997202	0.996553	0.991488
3.314047	0.997331	0.990311	0.007019	1.005074	0.998043	0.997417	0.999286	0.992252
3.350473	0.987728	0.988604	-0.000876	0.997353	0.998221	0.997652	0.989488	0.990366
3.386842	0.993471	0.989708	0.003763	1.002183	0.998412	0.997904	0.995051	0.991282
3.423223	0.987411	0.989050	-0.001639	0.996979	0.998614	0.998171	0.988781	0.990423
3.459636	0.993816	0.993283	0.000534	0.999367	0.998827	0.998452	0.994983	0.994449
3.496016	0.994448	0.992337	0.002111	1.001164	0.999049	0.998744	0.995395	0.993282
3.532408	0.990935	0.993127	-0.002192	0.997087	0.999277	0.999046	0.991652	0.993846
3.568789	0.995760	0.994661	0.001099	1.000611	0.999511	0.999354	0.996248	0.995149
3.605181	0.990310	0.994304	-0.003994	0.995754	0.999748	0.999668	0.990560	0.994555
3.641572	0.993620	0.994984	-0.001364	0.998622	0.999988	0.999984	0.993633	0.994997
3.678007	0.993909	0.996841	-0.002932	0.997294	1.000227	1.000300	0.993684	0.996616
3.714355	0.995375	0.994189	0.001186	1.001645	1.000465	1.000614	0.994914	0.993728
3.750747	0.997554	0.996355	0.001200	1.001894	1.000699	1.000923	0.996859	0.995660
3.787139	0.992065	0.996927	-0.004861	0.996062	1.000928	1.001225	0.991147	0.996003
3.823541	0.996129	0.997340	-0.001211	0.999933	1.001150	1.001519	0.994986	0.996195
3.859944	0.997127	0.994613	0.002514	1.003865	1.001364	1.001801	0.995769	0.993259
3.896313	0.999462	0.998580	0.000883	1.002444	1.001568	1.002070	0.997899	0.997018
3.932727	0.999467	0.997561	0.001906	1.003657	1.001760	1.002323	0.997713	0.995810
3.969119	1.003615	1.002821	0.000794	1.002734	1.001939	1.002560	1.001674	1.000881
4.005499	0.992421	0.994877	-0.002456	0.999629	1.002104	1.002777	0.990339	0.992789
4.041902	0.991965	0.994129	-0.002164	1.000065	1.002253	1.002974	0.989737	0.991895
4.078283	0.993328	0.993241	0.000087	1.002444	1.002386	1.003149	0.990965	0.990878
4.114673	0.998749	0.994919	0.003830	1.006307	1.002501	1.003301	0.996259	0.992439
4.151066	0.990160	0.994100	-0.003940	0.998629	1.002597	1.003428	0.987597	0.991526
4.187457	0.995606	0.995946	-0.000341	1.002313	1.002675	1.003531	0.992952	0.993291
4.223849	0.999342	0.994534	0.004807	1.007511	1.002732	1.003607	0.996620	0.991826
4.260274	0.996744	0.996789	-0.000045	1.002705	1.002770	1.003656	0.993992	0.994037
4.296643	0.991405	0.998476	-0.007071	0.995702	1.002787	1.003678	0.988652	0.995703
4.333024	0.996210	0.998621	-0.002411	1.000359	1.002783	1.003674	0.993447	0.995851
4.369404	1.003167	0.996720	0.006448	1.009187	1.002759	1.003642	1.000409	0.993979
4.405807	0.999937	0.999261	0.000676	1.003379	1.002714	1.003583	0.997231	0.996557
4.442199	1.002565	1.001639	0.000926	1.003573	1.002650	1.003498	0.999917	0.998993
4.478590	0.993927	0.999352	-0.005426	0.997131	1.002566	1.003387	0.991384	0.996796
4.514982	0.998899	1.000098	-0.001199	1.001257	1.002463	1.003250	0.996446	0.997642
4.551384	0.997279	0.998998	-0.001719	1.000614	1.002341	1.003090	0.994951	0.996665
4.589243	0.993376	0.997905	-0.004528	0.997657	1.002197	1.002900	0.991199	0.995718
4.627790	0.998019	1.000616	-0.002596	0.999432	1.002031	1.002682	0.995997	0.998588
4.664182	1.002640	1.000140	0.002500	1.004357	1.001860	1.002455	1.000779	0.998284
4.700585	0.996737	0.997330	-0.000593	1.001074	1.001675	1.002211	0.995071	0.995663
4.736999	0.994388	0.998945	-0.004557	0.996916	1.001477	1.001950	0.992921	0.997471
4.773368	0.996874	0.997895	-0.001022	1.000243	1.001269	1.001675	0.995610	0.996631
4.813404	0.995040	0.994240	0.000801	1.001820	1.001029	1.001358	0.994017	0.993218
4.853074	0.991877	0.994866	-0.002989	0.997788	1.000782	1.001032	0.991101	0.994088
4.889832	0.992452	0.992387	0.000065	1.000603	1.000547	1.000722	0.991909	0.991844
4.926246	0.994328	0.991098	0.003231	1.003531	1.000310	1.000409	0.994020	0.990790
4.962615	0.994743	0.993205	0.001538	1.001607	1.000071	1.000094	0.994672	0.993134
4.999017	0.999013	0.995996	0.003017	1.002850	0.999832	0.999778	0.999180	0.996163
5.035399	0.996746	0.995193	0.001553	1.001150	0.999593	0.999463	0.997151	0.995597
5.071790	0.993730	0.994780	-0.001050	0.998312	0.999358	0.999153	0.994367	0.995418
5.108181	0.989901	0.995003	-0.005102	0.994031	0.999128	0.998848	0.990765	0.995871
5.144573	0.993180	0.997181	-0.004001	0.994907	0.998904	0.998553	0.994269	0.998275
5.180954	0.992581	0.996168	-0.003587	0.995106	0.998688	0.998268	0.993884	0.997475
5.217357	0.994033	0.996690	-0.002657	0.995828	0.998481	0.997995	0.995543	0.998205
5.253758	0.997440	0.993874	0.003566	1.001861	0.998286	0.997738	0.999151	0.995579
5.290151	0.996299	0.996714	-0.000415	0.997693	0.998104	0.997497	0.998190	0.998606
5.326531	0.993968	0.995503	-0.001535	0.996408	0.997935	0.997275	0.996023	0.997561
5.362924	0.993106	0.996115	-0.003009	0.994779	0.997782	0.997072	0.995312	0.998328
5.399315	1.000651	0.998371	0.002280	0.999926	0.997645	0.996892	1.003011	1.000726
5.435706	1.004724	0.996554	0.008170	1.005700	0.997526	0.996734	1.007214	0.999024
5.472098	0.994626	0.994694	-0.000068	0.997365	0.997425	0.996601	0.997192	0.997261
5.508490	0.994878	0.993446	0.001432	0.998786	0.997343	0.996492	0.997527	0.996091
5.544892	0.996457	0.994967	0.001490	0.998778	0.997280	0.996410	0.999173	0.997679
5.581273	0.996268	0.990940	0.005327	1.002582	0.997238	0.996354	0.999026	0.993684
5.617675	0.996707	0.992535	0.004172	1.001402	0.997216	0.996325	0.999489	0.995304
5.654056	0.996429	0.991106	0.005323	1.002554	0.997214	0.996323	0.999211	0.993873
5.690436	0.994442	0.992491	0.001951	0.999199	0.997233	0.996348	0.997200	0.995244
5.726839	0.996166	0.993903	0.002264	0.999547	0.997273	0.996400	0.998889	0.996619
5.763220	0.995976	0.996262	-0.000287	0.997051	0.997332	0.996479	0.998638	0.998926
5.799645	0.993005	0.991743	0.001262	0.998688	0.997412	0.996584	0.995580	0.994315
5.836025	0.997822	0.996105	0.001717	0.999233	0.997510	0.996714	1.000311	0.998590
5.872406	0.999291	0.999171	0.000121	0.997747	0.997627	0.996868	1.001667	1.001546
5.908808	0.993433	0.997473	-0.004040	0.993725	0.997762	0.997045	0.995661	0.999710
5.945189	0.996838	0.997670	-0.000832	0.997084	0.997913	0.997245	0.998922	0.999756
5.981569	1.000006	0.996680	0.003326	1.001408	0.998079	0.997464	1.001931	0.998598
6.017972	0.994104	0.997917	-0.003813	0.994448	0.998259	0.997702	0.995837	0.999657
6.054364	1.000800	0.998772	0.002028	1.000482	0.998453	0.997958	1.002351	1.000319
6.090766	1.001612	0.996634	0.004977	1.003638	0.998658	0.998228	1.002958	0.997974
6.127146	1.003730	0.999000	0.004730	1.003603	0.998872	0.998512	1.004863	1.000128
6.163550	0.999456	0.996150	0.003306	1.002404	0.999095	0.998806	1.000362	0.997052
6.199919	1.001844	0.998776	0.003068	1.002393	0.999325	0.999109	1.002521	0.999451
6.236333	1.002276	1.000537	0.001740	1.001299	0.999560	0.999419	1.002718	1.000978
6.272702	1.001311	1.000377	0.000934	1.000732	0.999798	0.999733	1.001514	1.000580
6.309105	0.991744	0.996157	-0.004413	0.995623	1.000037	1.000049	0.991708	0.996121
6.345486	0.996606	0.997291	-0.000685	0.999590	1.000276	1.000365	0.996332	0.997017
6.381899	0.996624	0.994959	0.001664	1.002173	1.000514	1.000678	0.996113	0.994450
6.418646	0.997515	0.996267	0.001248	1.001992	1.000749	1.000989	0.996769	0.995522
6.458315	1.001987	0.998717	0.003270	1.004265	1.000997	1.001316	1.000990	0.997723
6.494697	0.999022	0.999675	-0.000654	1.000561	1.001217	1.001606	0.997809	0.998462
6.531099	1.003955	0.999250	0.004705	1.006129	1.001428	1.001885	1.002525	0.997826
6.567480	1.001546	1.000265	0.001281	1.002907	1.001628	1.002149	0.999920	0.998640
6.603893	1.000834	1.001134	-0.000300	1.001515	1.001817	1.002398	0.999021	0.999320
6.640274	1.003654	0.999616	0.004038	1.006024	1.001991	1.002629	1.001661	0.997631
6.676666	1.001422	1.003332	-0.001910	1.000243	1.002151	1.002840	0.999273	1.001179
6.713046	1.003734	1.001258	0.002476	1.004768	1.002296	1.003030	1.001436	0.998966
6.749438	0.997405	1.001071	-0.003666	0.998753	1.002423	1.003198	0.994996	0.998653
6.785841	1.003343	1.003818	-0.000474	1.002060	1.002532	1.003343	1.000810	1.001284
6.822221	1.007550	1.002713	0.004838	1.007460	1.002623	1.003463	1.004916	1.000091
6.858613	1.004532	1.006516	-0.001984	1.000720	1.002694	1.003557	1.001834	1.003813
6.897193	1.003500	1.006240	-0.002740	1.000017	1.002748	1.003628	1.000751	1.003484
6.938307	1.006692	1.003378	0.003314	1.006095	1.002781	1.003671	1.003901	1.000597
6.975078	1.005780	1.003908	0.001872	1.004663	1.002787	1.003679	1.002986	1.001119
7.011468	1.004046	1.001687	0.002359	1.005129	1.002773	1.003661	1.001270	0.998918
7.047850	0.996607	0.997164	-0.000558	1.002163	1.002739	1.003615	0.993886	0.994442
7.084252	1.007901	1.001323	0.006579	1.009260	1.002684	1.003543	1.005204	0.998643
7.120655	0.997845	0.998747	-0.000902	1.001697	1.002609	1.003445	0.995249	0.996149
7.157024	1.004806	0.999551	0.005254	1.007763	1.002516	1.003321	1.002285	0.997044
7.193427	1.006677	1.000067	0.006610	1.009009	1.002403	1.003172	1.004264	0.997670
7.229818	0.995402	0.998362	-0.002960	0.999305	1.002273	1.003000	0.993146	0.996099
7.266222	1.006631	1.002930	0.003701	1.005831	1.002126	1.002806	1.004496	1.000803
7.302602	1.005722	1.003658	0.002064	1.004031	1.001963	1.002592	1.003751	1.001692
7.338994	1.006897	1.003672	0.003226	1.005016	1.001786	1.002358	1.005102	1.001883
7.375385	1.004167	1.003069	0.001099	1.002698	1.001596	1.002107	1.002568	1.001471
7.411788	1.007308	1.002996	0.004312	1.005709	1.001394	1.001840	1.005906	1.001600
7.448168	1.009881	1.004248	0.005632	1.006818	1.001181	1.001559	1.008689	1.003063
7.484549	1.008437	1.004618	0.003819	1.004783	1.000960	1.001268	1.007469	1.003654
7.520973	1.000865	1.003804	-0.002938	0.997796	1.000732	1.000966	1.000133	1.003069
7.557353	1.004351	1.005669	-0.001318	0.999184	1.000498	1.000658	1.003851	1.005168
7.593735	1.002990	1.005877	-0.002887	0.997377	1.000261	1.000345	1.002728	1.005614
7.630115	1.000670	1.003694	-0.003023	0.997000	1.000022	1.000029	1.000648	1.003671
7.666529	1.002499	1.003208	-0.000709	0.999074	0.999782	0.999713	1.002717	1.003426
7.702920	1.003609	1.003753	-0.000143	0.999401	0.999545	0.999399	1.004066	1.004209
7.739312	0.998156	0.999980	-0.001824	0.997487	0.999310	0.999089	0.998844	1.000669
7.775692	0.998687	0.999687	-0.001000	0.998083	0.999081	0.998787	0.999605	1.000606
7.812106	1.001525	0.997120	0.004405	1.003268	0.998858	0.998493	1.002668	0.998259
7.849576	0.997249	0.996832	0.000417	0.999061	0.998638	0.998202	0.998608	0.998191
7.888523	1.001819	0.996501	0.005319	1.003745	0.998420	0.997914	1.003403	0.998076
7.924904	1.003757	0.999570	0.004187	1.002419	0.998229	0.997662	1.005537	1.001342
7.961318	0.995857	0.999446	-0.003589	0.994464	0.998050	0.997427	0.997801	1.001397
7.997699	0.999714	0.997332	0.002381	1.000272	0.997887	0.997210	1.001829	0.999443
8.034101	0.999359	1.001119	-0.001760	0.995974	0.997738	0.997014	1.001623	1.003387
8.070504	1.000538	1.000093	0.000445	0.998048	0.997607	0.996841	1.002936	1.002491
8.106874	0.997585	0.999174	-0.001588	0.995903	0.997493	0.996691	1.000091	1.001683
8.143276	0.998803	1.001764	-0.002961	0.994428	0.997397	0.996565	1.001408	1.004376
8.179656	0.995765	1.001992	-0.006228	0.991083	0.997321	0.996464	0.998438	1.004682
8.216059	0.995985	1.000873	-0.004888	0.992370	0.997265	0.996390	0.998715	1.003616
8.252450	0.994582	1.001250	-0.006668	0.990552	0.997229	0.996342	0.997345	1.004031
8.288842	1.002606	1.002233	0.000372	0.997574	0.997213	0.996321	1.005406	1.005033
8.325223	1.001688	1.001297	0.000390	0.997599	0.997218	0.996328	1.004481	1.004090
8.361626	0.999768	1.002517	-0.002749	0.994481	0.997243	0.996361	1.002530	1.005287
8.398017	1.002057	0.999929	0.002128	0.999412	0.997289	0.996422	1.004780	1.002646
8.434421	0.997535	0.999694	-0.002159	0.995192	0.997355	0.996508	1.000179	1.002344
8.470789	0.997015	0.997450	-0.000435	0.997008	0.997440	0.996621	0.999573	1.000008
8.507203	0.997053	0.996975	0.000078	0.997626	0.997544	0.996759	0.999506	0.999428
8.543628	0.990387	0.995424	-0.005037	0.992638	0.997667	0.996920	0.992702	0.997751
8.579997	0.999727	0.999261	0.000466	0.998273	0.997806	0.997104	1.001925	1.001457
8.617489	0.992399	0.999139	-0.006740	0.991228	0.997967	0.997317	0.994420	1.001174
8.656425	1.001424	1.000441	0.000983	0.999131	0.998151	0.997559	1.003279	1.002294
8.692828	1.001902	1.001519	0.000383	0.998716	0.998337	0.997805	1.003571	1.003187
8.731030	1.002170	1.004241	-0.002071	0.996466	0.998545	0.998080	1.003630	1.005704
8.769234	0.995909	1.003393	-0.007483	0.991278	0.998766	0.998371	0.997140	1.004633
8.805648	1.002688	1.004584	-0.001896	0.997085	0.998985	0.998660	1.003707	1.005605
8.842029	0.993876	1.003906	-0.010029	0.989179	0.999211	0.998959	0.994661	1.004699
8.878420	1.008320	1.006385	0.001935	1.001374	0.999444	0.999266	1.008881	1.006946
8.914812	1.002817	1.004016	-0.001199	0.998480	0.999681	0.999578	1.003138	1.004338
8.951192	1.003788	1.004156	-0.000368	0.999552	0.999919	0.999894	1.003870	1.004238
8.987595	1.006670	1.007814	-0.001144	0.999015	1.000159	1.000210	1.006511	1.007655
9.023974	1.012439	1.007628	0.004811	1.005210	1.000397	1.000524	1.012038	1.007229
9.060378	0.999219	1.003121	-0.003902	0.996732	1.000633	1.000835	0.998588	1.002488
9.096769	1.003122	1.003619	-0.000497	1.000370	1.000864	1.001140	1.002258	1.002754
9.136817	1.004871	1.003024	0.001846	1.002961	1.001110	1.001465	1.003758	1.001914
9.173198	1.001236	0.997694	0.003542	1.004864	1.001325	1.001750	0.999912	0.996375
9.209579	1.002405	1.000053	0.002353	1.003883	1.001531	1.002021	1.000875	0.998526
9.245980	0.997521	1.000012	-0.002491	0.999233	1.001725	1.002278	0.995804	0.998291
9.284184	0.999645	1.000054	-0.000408	1.001505	1.001916	1.002529	0.997735	0.998143
9.322409	0.998571	1.003016	-0.004445	0.997649	1.002091	1.002760	0.996490	1.000925
9.358811	1.004107	1.005892	-0.001785	1.000466	1.002241	1.002958	1.001863	1.003644
9.395915	1.006603	1.006870	-0.000267	1.002121	1.002378	1.003139	1.004216	1.004483
9.435206	1.003724	1.007390	-0.003667	0.998848	1.002502	1.003303	1.001220	1.004878
9.471608	1.005735	1.006480	-0.000745	1.001864	1.002599	1.003430	1.003130	1.003873
9.507989	1.005051	1.006322	-0.001271	1.001414	1.002676	1.003532	1.002370	1.003638
9.544393	1.006524	1.008159	-0.001634	1.001112	1.002733	1.003608	1.003782	1.005412
9.583684	1.010364	1.008952	0.001412	1.004201	1.002772	1.003659	1.007572	1.006164
9.620820	1.005858	1.006381	-0.000523	1.002274	1.002787	1.003679	1.003064	1.003585
9.657189	1.008156	1.008548	-0.000392	1.002405	1.002781	1.003671	1.005361	1.005752
9.693604	1.009464	1.010438	-0.000974	1.001801	1.002755	1.003636	1.006692	1.007664
9.729983	1.007723	1.006281	0.001442	1.004159	1.002708	1.003574	1.005003	1.003565
9.766375	1.010321	1.011228	-0.000907	1.001755	1.002641	1.003486	1.007661	1.008566
9.802757	1.001307	1.008012	-0.006705	0.995864	1.002555	1.003372	0.998756	1.005444
9.840247	1.004127	1.005760	-0.001633	1.000821	1.002446	1.003229	1.001678	1.003307
9.882451	1.005887	1.007015	-0.001128	1.001184	1.002301	1.003037	1.003579	1.004704
9.922143	0.998988	1.002255	-0.003268	0.998877	1.002143	1.002829	0.996852	1.000112
9.959256	1.000692	0.999532	0.001161	1.003138	1.001979	1.002612	0.998717	0.997558
9.995637	1.003597	1.001013	0.002584	1.004389	1.001803	1.002380	1.001791	0.999212
10.032028	0.996182	1.001061	-0.004879	0.996737	1.001614	1.002131	0.994577	0.999448
10.068443	1.001559	1.003636	-0.002077	0.999342	1.001413	1.001865	1.000146	1.002221
10.104801	1.005718	1.001739	0.003980	1.005185	1.001202	1.001586	1.004511	1.000536
10.141203	1.003527	1.002611	0.000916	1.001902	1.000981	1.001295	1.002543	1.001628
10.177595	1.003629	1.005741	-0.002112	0.998648	1.000753	1.000994	1.002873	1.004983
10.214020	1.007121	1.002845	0.004276	1.004800	1.000520	1.000686	1.006597	1.002323
10.250368	1.003674	1.007988	-0.004313	0.995974	1.000283	1.000374	1.003390	1.007702
10.286770	1.003387	1.007712	-0.004325	0.995721	1.000044	1.000058	1.003342	1.007667
10.323161	1.009879	1.007987	0.001891	1.001695	0.999804	0.999742	1.010075	1.008183
10.359553	1.002527	1.010130	-0.007603	0.991959	0.999566	0.999428	1.002961	1.010567
10.395934	1.007556	1.009076	-0.001521	0.997805	0.999332	0.999118	1.008228	1.009750
10.432347	1.007836	1.010071	-0.002235	0.996857	0.999102	0.998814	1.008741	1.010978
10.468728	1.009700	1.006620	0.003080	1.001951	0.998878	0.998520	1.010833	1.007749
10.505854	0.998502	1.006366	-0.007864	0.990786	0.998659	0.998230	0.999841	1.007716
10.545145	1.005875	1.007336	-0.001461	0.996964	0.998438	0.997939	1.007447	1.008910
10.581547	1.011597	1.008591	0.003006	1.001234	0.998246	0.997685	1.013373	1.010362
10.617929	0.999669	1.004991	-0.005322	0.992732	0.998066	0.997448	1.001604	1.006937
10.654331	1.005476	1.002312	0.003163	1.001059	0.997901	0.997229	1.007589	1.004419
10.690745	1.004214	1.001771	0.002443	1.000188	0.997751	0.997032	1.006476	1.004028
10.727125	0.993193	0.998038	-0.004845	0.992776	0.997618	0.996856	0.995563	1.000419
10.763494	0.998843	1.000806	-0.001964	0.995535	0.997503	0.996703	1.001342	1.003310
10.799898	1.000307	0.996686	0.003621	1.001033	0.997405	0.996575	1.002907	0.999277
10.836289	1.003387	1.002119	0.001268	0.998586	0.997328	0.996472	1.006074	1.004802
10.872681	1.003864	1.005046	-0.001182	0.996068	0.997269	0.996395	1.006611	1.007796
10.909051	1.005381	1.004151	0.001230	0.998444	0.997231	0.996345	1.008171	1.006938
10.945476	1.003600	1.001784	0.001816	0.999019	0.997214	0.996322	1.006403	1.004582
10.981856	1.006713	1.002904	0.003809	1.001012	0.997217	0.996326	1.009522	1.005702
11.018259	1.003951	1.000584	0.003367	1.000599	0.997240	0.996357	1.006728	1.003352
11.055362	1.005985	1.003074	0.002911	1.000182	0.997285	0.996416	1.008723	1.005804
11.094665	1.005269	1.002210	0.003059	1.000404	0.997355	0.996509	1.007933	1.004867
11.133957	1.003449	1.002580	0.000868	0.998306	0.997448	0.996632	1.006015	1.005144
11.171093	1.006543	1.006601	-0.000058	0.997477	0.997557	0.996775	1.009007	1.009065
11.207474	1.006009	1.007506	-0.001497	0.996161	0.997681	0.996939	1.008347	1.009847
11.243887	1.010255	1.008091	0.002164	0.999964	0.997822	0.997125	1.012459	1.010290
11.280256	1.008415	1.006733	0.001682	0.999644	0.997980	0.997333	1.010456	1.008770
11.316682	1.010442	1.006261	0.004181	1.002318	0.998152	0.997561	1.012312	1.008123
11.353061	1.000435	1.005420	-0.004986	0.993341	0.998338	0.997806	1.002100	1.007093
11.389453	1.005509	1.002957	0.002551	1.001082	0.998536	0.998068	1.006982	1.004427
11.425856	1.000975	1.000948	0.000027	0.998771	0.998746	0.998344	1.002232	1.002205
11.465158	0.997664	1.001118	-0.003454	0.995527	0.998982	0.998656	0.998681	1.002138
11.502273	1.003529	1.002889	0.000640	0.999853	0.999213	0.998961	1.004320	1.003679
11.538653	1.006616	1.004485	0.002132	1.001576	0.999445	0.999268	1.007175	1.005042
11.575078	1.004874	1.006264	-0.001390	0.998290	0.999682	0.999581	1.005194	1.006584
11.611437	1.003991	1.006789	-0.002798	0.997122	0.999921	0.999896	1.004071	1.006870
11.647861	1.007840	1.004883	0.002957	1.003119	1.000161	1.000212	1.007679	1.004723
11.684231	1.008533	1.009985	-0.001452	0.998949	1.000399	1.000527	1.008132	1.009584
11.720622	1.016593	1.009371	0.007223	1.007861	1.000634	1.000837	1.015950	1.008732
11.757003	1.012384	1.010831	0.001553	1.002424	1.000865	1.001142	1.011510	1.009959
11.793418	1.013345	1.012643	0.000702	1.001801	1.001089	1.001438	1.012244	1.011543
11.829798	1.012641	1.012761	-0.000121	1.001197	1.001306	1.001724	1.011322	1.011442
11.869134	1.013086	1.010931	0.002156	1.003696	1.001529	1.002018	1.011541	1.009389
11.906215	1.016942	1.014693	0.002249	1.003994	1.001727	1.002279	1.015190	1.012946
11.942606	1.011298	1.012126	-0.000829	1.001096	1.001908	1.002519	1.009373	1.010200
11.978997	1.015187	1.014688	0.000499	1.002597	1.002076	1.002740	1.013086	1.012588
12.015388	1.012223	1.011952	0.000270	1.002517	1.002228	1.002941	1.009974	1.009705
12.055424	1.013485	1.013514	-0.000029	1.002370	1.002376	1.003136	1.011084	1.011113
12.092928	1.012760	1.010742	0.002017	1.004532	1.002496	1.003294	1.010240	1.008228
12.131854	1.013033	1.009537	0.003497	1.006113	1.002599	1.003431	1.010408	1.006921
12.168234	1.012648	1.008004	0.004644	1.007335	1.002676	1.003533	1.009947	1.005315
12.204637	1.001301	1.004868	-0.003567	0.999174	1.002733	1.003608	0.998573	1.002130
12.241017	1.007814	1.008453	-0.000639	1.002147	1.002770	1.003657	1.005031	1.005669
12.277410	1.005652	1.004609	0.001044	1.003837	1.002787	1.003679	1.002859	1.001818
12.313800	1.005519	1.006577	-0.001058	1.001737	1.002783	1.003673	1.002730	1.003785
12.350204	1.011027	1.008458	0.002569	1.005343	1.002758	1.003641	1.008247	1.005686
12.386584	1.007166	1.007922	-0.000757	1.001971	1.002713	1.003581	1.004442	1.005196
12.423008	1.016961	1.008088	0.008873	1.011536	1.002648	1.003495	1.014276	1.005426
12.459378	1.012373	1.009851	0.002522	1.005104	1.002564	1.003384	1.009785	1.007270
12.495781	1.008854	1.010753	-0.001899	1.000581	1.002460	1.003247	1.006379	1.008274
12.532150	1.009744	1.010416	-0.000673	1.001684	1.002338	1.003087	1.007389	1.008060
12.568553	1.014365	1.011472	0.002893	1.005112	1.002199	1.002903	1.012140	1.009253
12.604933	1.016204	1.011066	0.005137	1.007200	1.002044	1.002699	1.014131	1.009004
12.641325	1.010467	1.011280	-0.000813	1.001079	1.001874	1.002474	1.008577	1.009388
12.677727	1.008261	1.009107	-0.000846	1.000857	1.001690	1.002231	1.006561	1.007405
12.714130	1.008965	1.010709	-0.001744	0.999762	1.001493	1.001971	1.007461	1.009202
12.750523	1.008735	1.009756	-0.001022	1.000274	1.001286	1.001697	1.007439	1.008460
12.786892	1.012316	1.011152	0.001164	1.002242	1.001069	1.001411	1.011235	1.010072
12.823284	1.014457	1.011834	0.002623	1.003475	1.000844	1.001114	1.013602	1.010981
12.859675	1.018478	1.013808	0.004670	1.005288	1.000612	1.000808	1.017854	1.013187
12.896078	1.009984	1.010677	-0.000693	0.999688	1.000377	1.000497	1.009604	1.010296
12.932469	1.010806	1.008829	0.001977	1.002117	1.000138	1.000182	1.010666	1.008690
12.968862	1.006399	1.004849	0.001550	1.001451	0.999898	0.999866	1.006500	1.004950
13.005241	1.003270	1.005565	-0.002295	0.997365	0.999660	0.999551	1.003610	1.005906
13.041644	1.000982	1.002558	-0.001577	0.997850	0.999423	0.999239	1.001558	1.003136
13.078025	1.000449	0.999431	0.001018	1.000216	0.999191	0.998933	1.001258	1.000239
13.114416	1.000873	0.999464	0.001409	1.000380	0.998965	0.998634	1.001909	1.000498
13.150830	1.004270	1.001713	0.002557	1.001304	0.998747	0.998346	1.005529	1.002969
13.187211	1.001393	1.003293	-0.001901	0.996634	0.998538	0.998070	1.002858	1.004761
13.223592	0.997290	1.001577	-0.004287	0.994052	0.998339	0.997808	0.998948	1.003242
13.259984	1.007701	1.004171	0.003530	1.001676	0.998153	0.997562	1.009564	1.006027
13.296386	1.002219	1.002826	-0.000607	0.997368	0.997981	0.997335	1.004245	1.004854
13.332778	1.002330	1.003532	-0.001202	0.996612	0.997823	0.997127	1.004515	1.005720
13.369169	1.014479	1.003990	0.010489	1.008160	0.997682	0.996940	1.016835	1.006321
13.405549	1.006615	1.007632	-0.001017	0.996517	0.997557	0.996776	1.009079	1.010098
13.441952	1.012317	1.009185	0.003132	1.000553	0.997451	0.996635	1.014902	1.011762
13.478333	1.008162	1.005013	0.003149	1.000494	0.997364	0.996520	1.010825	1.007668
13.514736	1.003791	1.007050	-0.003259	0.994011	0.997295	0.996430	1.006511	1.009779
13.551116	1.007120	1.008150	-0.001030	0.996188	0.997247	0.996367	1.009898	1.010931
13.587519	1.008016	1.007770	0.000246	0.997437	0.997220	0.996330	1.010825	1.010578
13.625010	1.006213	1.007683	-0.001470	0.995714	0.997213	0.996321	1.009024	1.010498
13.663936	1.012549	1.010194	0.002356	0.999547	0.997228	0.996341	1.015362	1.013000
13.700328	1.002805	1.007569	-0.004763	0.992473	0.997264	0.996389	1.005555	1.010332
13.738174	1.007422	1.006471	0.000951	0.998251	0.997323	0.996466	1.010125	1.009172
13.776745	1.006069	1.004092	0.001976	0.999366	0.997405	0.996574	1.008685	1.006704
13.813158	0.999761	1.003541	-0.003780	0.993710	0.997502	0.996703	1.002264	1.006053
14.058198	0.999008	0.997376	0.001632	0.999770	0.998586	0.998133	1.000877	0.999241
14.094579	0.999896	0.997616	0.002280	1.000697	0.998797	0.998412	1.001487	0.999203
14.132826	1.003096	0.998615	0.004481	1.003204	0.999029	0.998718	1.004383	0.999897
14.171040	0.993353	0.998416	-0.005063	0.993974	0.999269	0.999034	0.994314	0.999381
14.207409	0.999593	1.000321	-0.000728	0.998619	0.999502	0.999343	1.000251	1.000980
14.243800	1.003700	0.998851	0.004848	1.004507	0.999739	0.999656	1.004046	0.999196
14.280181	1.002668	0.999466	0.003202	1.003174	0.999979	0.999972	1.002697	0.999495
14.316584	1.001396	0.999776	0.001620	1.001911	1.000218	1.000288	1.001109	0.999489
14.352987	0.997479	1.000098	-0.002619	0.997984	1.000456	1.000602	0.996880	0.999498
14.389357	1.004543	1.001165	0.003378	1.004292	1.000690	1.000911	1.003630	1.000256
14.425749	1.003730	1.001348	0.002381	1.003595	1.000920	1.001214	1.002514	1.000136
14.462162	1.000158	1.001381	-0.001223	1.000288	1.001142	1.001508	0.998654	0.999875
14.498554	1.009899	1.002495	0.007404	1.009200	1.001356	1.001790	1.008096	1.000705
14.537478	1.004937	1.003553	0.001384	1.003470	1.001574	1.002078	1.002855	1.001474
14.574937	1.005953	1.002085	0.003868	1.006206	1.001771	1.002338	1.003608	0.999749
14.611351	1.006346	1.002989	0.003357	1.005930	1.001950	1.002574	1.003764	1.000416
14.647732	0.996057	1.002698	-0.006641	0.996148	1.002114	1.002790	0.993287	0.999910
14.684134	0.997554	1.003482	-0.005928	0.997062	1.002262	1.002986	0.994586	1.000497
14.720514	1.003621	1.003376	0.000245	1.003408	1.002393	1.003159	1.000462	1.000218
14.756940	1.005700	1.003049	0.002651	1.005962	1.002507	1.003310	1.002384	0.999742
14.793321	0.999821	1.002820	-0.002999	1.000436	1.002603	1.003436	0.996400	0.999389
14.829722	1.003382	1.003204	0.000178	1.003713	1.002679	1.003536	0.999849	0.999671
14.868293	0.994965	1.003300	-0.008335	0.995281	1.002738	1.003614	0.991384	0.999689
14.906139	0.997608	1.003078	-0.005469	0.998192	1.002774	1.003662	0.993971	0.999420
14.942531	1.001198	1.002615	-0.001417	1.002257	1.002787	1.003680	0.997530	0.998942
14.978933	1.004655	1.003255	0.001401	1.005072	1.002781	1.003670	1.000983	0.999587
15.015315	1.005562	1.003054	0.002509	1.006142	1.002753	1.003634	1.001923	0.999423
15.051706	0.992890	1.002995	-0.010104	0.993466	1.002705	1.003571	0.989359	0.999427
15.088098	0.995178	1.002633	-0.007455	0.996025	1.002637	1.003481	0.991727	0.999156
15.124500	0.998997	1.002767	-0.003769	0.999592	1.002550	1.003366	0.995647	0.999404
15.160892	1.002463	1.002484	-0.000021	1.003203	1.002444	1.003226	0.999240	0.999262
15.197283	1.002454	1.002304	0.000149	1.003207	1.002320	1.003062	0.999394	0.999245
15.233687	1.005572	1.002078	0.003494	1.006370	1.002179	1.002876	1.002690	0.999206
15.270067	0.999728	1.002064	-0.002337	1.000333	1.002021	1.002668	0.997068	0.999399
15.306448	0.994072	1.002296	-0.008223	0.994220	1.001849	1.002441	0.991653	0.999856
15.342839	1.001581	1.002026	-0.000445	1.001753	1.001663	1.002195	0.999387	0.999832
15.380309	1.002384	1.002167	0.000218	1.002147	1.001459	1.001925	1.000458	1.000241
15.419268	1.003459	1.001106	0.002353	1.003984	1.001234	1.001629	1.001827	0.999477
15.455647	1.001288	1.000662	0.000626	1.001968	1.001015	1.001340	0.999948	0.999323
15.492051	0.999245	1.000645	-0.001400	0.999645	1.000788	1.001041	0.998205	0.999604
15.528431	1.004575	1.000469	0.004106	1.004843	1.000556	1.000734	1.003838	0.999734
15.564834	1.001106	0.999569	0.001536	1.001961	1.000319	1.000422	1.000683	0.999147
15.601236	1.002126	0.999467	0.002659	1.002768	1.000080	1.000106	1.002018	0.999360
15.637630	1.001218	0.998729	0.002489	1.002281	0.999841	0.999790	1.001428	0.998938
15.673998	0.997385	0.998605	-0.001220	0.998258	0.999603	0.999475	0.997908	0.999128
15.710400	0.995388	0.998111	-0.002722	0.996446	0.999367	0.999165	0.996219	0.998944
15.746803	0.993017	0.998069	-0.005052	0.993812	0.999136	0.998860	0.994149	0.999206
15.783195	0.999176	0.997543	0.001632	1.000198	0.998912	0.998564	1.000611	0.998977
15.819587	1.000079	0.997398	0.002681	1.000964	0.998696	0.998278	1.001802	0.999116
15.855967	0.997640	0.997230	0.000410	0.998418	0.998489	0.998005	0.999632	0.999221
15.892359	0.998094	0.996744	0.001350	0.999101	0.998293	0.997747	1.000346	0.998993
15.928751	0.993565	0.996443	-0.002878	0.994632	0.998110	0.997506	0.996047	0.998932
15.965142	0.999500	0.996315	0.003185	1.000475	0.997941	0.997283	1.002221	0.999027
16.001556	0.995751	0.996284	-0.000534	0.996553	0.997788	0.997080	0.998665	0.999201
16.037926	0.995112	0.996286	-0.001174	0.995732	0.997650	0.996898	0.998206	0.999383
16.074327	0.996033	0.996716	-0.000683	0.996059	0.997530	0.996740	0.999289	0.999974
16.110697	0.994927	0.996262	-0.001335	0.995274	0.997428	0.996605	0.998314	0.999653
16.147100	1.000105	0.996054	0.004051	1.000552	0.997345	0.996496	1.003620	0.999554
16.183481	0.998794	0.995787	0.003007	0.999427	0.997282	0.996412	1.002388	0.999371
16.219894	1.001164	0.995500	0.005664	1.002028	0.997239	0.996355	1.004824	0.999139
16.256287	0.993228	0.995520	-0.002292	0.994041	0.997216	0.996325	0.996889	0.999190
16.292679	0.992903	0.995380	-0.002477	0.993853	0.997214	0.996322	0.996566	0.999052
16.329081	1.001125	0.995939	0.005186	1.001536	0.997232	0.996346	1.004794	0.999590
16.365450	0.991317	0.995453	-0.004135	0.992269	0.997271	0.996398	0.994900	0.999050
16.401842	0.993306	0.995753	-0.002447	0.994034	0.997330	0.996475	0.996818	0.999273
16.438234	0.992763	0.995555	-0.002792	0.993792	0.997409	0.996579	0.996169	0.998970
16.474648	0.994562	0.995677	-0.001115	0.995599	0.997506	0.996708	0.997845	0.998964
16.511026	0.987981	0.995823	-0.007842	0.989024	0.997622	0.996862	0.991090	0.998957
16.547419	0.998306	0.996155	0.002151	0.999191	0.997756	0.997038	1.001271	0.999114
16.583811	0.987110	0.996150	-0.009040	0.988200	0.997907	0.997237	0.989845	0.998909
16.620180	0.998226	0.996521	0.001704	0.999157	0.998072	0.997455	1.000772	0.999063
16.656607	0.997554	0.996781	0.000772	0.998461	0.998252	0.997693	0.999860	0.999086
16.692974	0.993817	0.997023	-0.003206	0.994740	0.998445	0.997948	0.995861	0.999074
16.731544	0.994853	0.997181	-0.002328	0.995907	0.998662	0.998234	0.996613	0.998945
16.769403	0.994427	0.997835	-0.003408	0.995124	0.998886	0.998529	0.995892	0.999305
16.805784	0.998915	0.998195	0.000720	0.999548	0.999109	0.998824	1.000091	0.999371
16.842186	1.003495	0.998405	0.005090	1.004220	0.999340	0.999128	1.004371	0.999277
16.878576	0.998000	1.000230	-0.002231	0.997201	0.999575	0.999438	0.998561	1.000793
16.914970	1.005147	0.999974	0.005173	1.004922	0.999813	0.999753	1.005396	1.000222
16.951361	1.003468	0.999489	0.003979	1.004048	1.000052	1.000069	1.003400	0.999422
16.987753	1.004500	1.000493	0.004007	1.004389	1.000291	1.000384	1.004115	1.000110
17.024132	0.996085	1.000170	-0.004085	0.996612	1.000528	1.000697	0.995393	0.999474
17.060524	0.999078	1.000223	-0.001145	0.999859	1.000761	1.001005	0.998077	0.999221
17.096939	1.000285	1.000647	-0.000362	1.000942	1.000989	1.001305	0.998983	0.999344
17.133320	0.999144	1.000632	-0.001488	1.000105	1.001209	1.001596	0.997554	0.999040
17.169722	1.011076	1.000916	0.010159	1.012032	1.001420	1.001875	1.009186	0.999046
17.206457	0.994988	1.001253	-0.006265	0.995876	1.001623	1.002142	0.992863	0.999114
17.246140	1.002430	1.001482	0.000947	1.003357	1.001828	1.002413	1.000019	0.999074
17.282518	1.007798	1.001695	0.006104	1.008741	1.002002	1.002642	1.005145	0.999057
17.318913	1.003198	1.001771	0.001427	1.004274	1.002161	1.002852	1.000347	0.998924
17.357492	1.004094	1.002052	0.002042	1.005089	1.002312	1.003052	1.001041	0.999005
17.395340	1.001251	1.002676	-0.001426	1.001795	1.002442	1.003223	0.998036	0.999457
17.431742	1.008503	1.002655	0.005849	1.009210	1.002548	1.003364	1.005124	0.999295
17.468122	1.005521	1.003339	0.002182	1.005659	1.002636	1.003480	1.002037	0.999862
17.504492	1.003588	1.003891	-0.000303	1.003262	1.002704	1.003569	1.000020	1.000322
17.540928	1.011636	1.003877	0.007759	1.011388	1.002752	1.003633	1.007975	1.000245
17.577297	1.000757	1.003026	-0.002268	1.001399	1.002780	1.003670	0.997100	0.999360
17.613710	1.004338	1.003521	0.000817	1.004494	1.002788	1.003680	1.000658	0.999844
17.650059	1.001337	1.002897	-0.001560	1.002100	1.002774	1.003662	0.997685	0.999239
17.686504	1.004945	1.003330	0.001614	1.005229	1.002741	1.003617	1.001324	0.999716
17.722841	1.008286	1.002855	0.005430	1.008974	1.002687	1.003546	1.004724	0.999313
17.759254	1.006082	1.002505	0.003577	1.007024	1.002613	1.003449	1.002625	0.999060
17.795658	1.005384	1.002604	0.002780	1.006103	1.002520	1.003326	1.002052	0.999282
17.832050	1.005034	1.002427	0.002607	1.005783	1.002408	1.003178	1.001851	0.999252
17.870964	1.002450	1.002264	0.000186	1.003179	1.002269	1.002995	0.999458	0.999273
17.908823	0.995984	1.001831	-0.005848	0.996943	1.002115	1.002792	0.993211	0.999043
17.948490	1.002187	1.001492	0.000695	1.003247	1.001936	1.002555	0.999633	0.998940
17.984873	1.002503	1.001236	0.001267	1.003581	1.001756	1.002319	1.000184	0.998920
18.021263	0.995572	1.000972	-0.005400	0.996661	1.001564	1.002065	0.993521	0.998910
18.057667	0.997419	1.000748	-0.003329	0.998465	1.001360	1.001795	0.995631	0.998955
18.094048	1.002386	1.000442	0.001943	1.003456	1.001146	1.001513	1.000871	0.998931
18.130449	0.998397	1.000405	-0.002008	0.999212	1.000924	1.001219	0.997181	0.999186
18.166842	1.001631	1.000068	0.001563	1.002482	1.000695	1.000917	1.000713	0.999151
18.203266	0.997183	1.000021	-0.002838	0.997771	1.000460	1.000607	0.996577	0.999414
18.239635	1.002245	1.000005	0.002240	1.002534	1.000222	1.000293	1.001950	0.999711
18.276028	0.997766	0.999894	-0.002129	0.997849	0.999983	0.999977	0.997787	0.999916
18.312408	0.997991	0.999553	-0.001562	0.998100	0.999744	0.999662	0.998327	0.999890
18.352446	0.996938	0.998348	-0.001410	0.997911	0.999483	0.999317	0.997618	0.999028
18.391371	0.996457	0.998488	-0.002031	0.996960	0.999233	0.998988	0.997465	0.999498
18.428862	0.994653	0.998096	-0.003443	0.995239	0.998999	0.998679	0.995967	0.999415
18.466352	0.998049	0.998104	-0.000055	0.998328	0.998773	0.998381	0.999666	0.999722
18.505312	0.997978	0.997199	0.000779	0.998868	0.998548	0.998084	0.999893	0.999112
18.541681	0.995187	0.997102	-0.001915	0.995912	0.998349	0.997821	0.997358	0.999277
18.578074	0.995574	0.996631	-0.001057	0.996524	0.998163	0.997575	0.997993	0.999052
18.614475	0.998576	0.996338	0.002238	0.999590	0.997989	0.997346	1.001231	0.998987
18.650867	1.000004	0.996460	0.003545	1.000687	0.997831	0.997137	1.002874	0.999319
18.690903	0.992575	0.995985	-0.003410	0.993529	0.997675	0.996931	0.995628	0.999048
18.727295	1.000875	0.995965	0.004910	1.001685	0.997552	0.996768	1.004117	0.999192
18.763708	0.997702	0.995649	0.002053	0.998686	0.997446	0.996629	1.001074	0.999014
18.800089	0.998472	0.995444	0.003028	0.999549	0.997360	0.996515	1.001962	0.998924
18.836470	1.002736	0.995406	0.007331	1.003763	0.997293	0.996426	1.006330	0.998973
18.872885	0.993751	0.995451	-0.001700	0.994666	0.997246	0.996364	0.997375	0.999081
18.909243	1.001143	0.996018	0.005125	1.001457	0.997219	0.996329	1.004830	0.999686
18.945633	0.996657	0.996415	0.000242	0.996563	0.997213	0.996321	1.000336	1.000093
18.984592	0.996512	0.996509	0.000003	0.996344	0.997229	0.996342	1.000169	1.000166
19.022062	0.992808	0.997110	-0.004303	0.992084	0.997266	0.996392	0.996401	1.000720
19.058464	0.998386	0.996382	0.002004	0.998472	0.997324	0.996467	1.001924	0.999913
19.094845	1.001400	0.996644	0.004756	1.001324	0.997400	0.996568	1.004846	1.000074
19.131237	0.987220	0.997440	-0.010220	0.986470	0.997496	0.996695	0.990492	1.000746
19.167618	0.991011	0.997135	-0.006124	0.990721	0.997611	0.996846	0.994145	1.000288
19.204020	0.999614	0.996599	0.003015	1.000038	0.997743	0.997021	1.002600	0.999576
19.240412	1.001207	0.996935	0.004273	1.001492	0.997892	0.997217	1.004001	0.999716
19.276827	1.000163	0.997543	0.002620	1.000054	0.998056	0.997434	1.002735	1.000108
19.313217	0.997506	0.997396	0.000111	0.997782	0.998235	0.997670	0.999835	0.999724
19.353220	0.996156	0.997620	-0.001464	0.996487	0.998447	0.997949	0.998203	0.999670
19.393269	0.999327	0.997713	0.001614	0.999863	0.998672	0.998247	1.001082	0.999465
19.429638	0.996660	0.998117	-0.001457	0.997075	0.998887	0.998531	0.998126	0.999585
19.466051	0.997343	0.999074	-0.001731	0.997094	0.999111	0.998827	0.998515	1.000248
19.502420	0.996462	0.998831	-0.002369	0.996762	0.999341	0.999130	0.997330	0.999701
19.538822	0.998339	0.998675	-0.000336	0.999105	0.999576	0.999441	0.998899	0.999235
19.575203	0.997176	0.999187	-0.002011	0.997741	0.999814	0.999755	0.997421	0.999433
19.611618	0.994704	0.999333	-0.004630	0.995441	1.000054	1.000071	0.994634	0.999263
19.647987	0.999947	0.999885	0.000062	1.000448	1.000293	1.000386	0.999562	0.999499
19.684389	0.999495	1.001299	-0.001804	0.998892	1.000530	1.000699	0.998798	1.000601
19.720770	1.002521	1.001853	0.000669	1.001670	1.000763	1.001007	1.001514	1.000846
19.757174	1.002879	1.001973	0.000906	1.002208	1.000990	1.001307	1.001571	1.000666
19.793587	0.995065	1.002147	-0.007082	0.994512	1.001210	1.001598	0.993480	1.000550
19.829967	1.007669	1.002213	0.005456	1.007329	1.001422	1.001876	1.005784	1.000338
19.866348	1.003816	1.003322	0.000494	1.002632	1.001622	1.002141	1.001673	1.001180
19.902750	0.998294	1.002663	-0.004369	0.998018	1.001811	1.002390	0.995915	1.000274
19.939142	0.999216	1.002941	-0.003726	0.998892	1.001986	1.002622	0.996605	1.000321
19.975546	1.001837	1.002562	-0.000725	1.002106	1.002147	1.002834	0.999008	0.999731
20.011936	0.998465	1.002628	-0.004163	0.998859	1.002292	1.003025	0.995456	0.999606
20.048306	0.998388	1.002678	-0.004290	0.998900	1.002419	1.003193	0.995212	0.999488
20.084686	1.004641	1.002917	0.001724	1.005060	1.002529	1.003339	1.001301	0.999582
20.121111	1.004305	1.002875	0.001429	1.004885	1.002621	1.003459	1.000845	0.999420
20.157503	0.998867	1.003033	-0.004166	0.999386	1.002693	1.003554	0.995331	0.999482
20.193895	1.002528	1.002828	-0.000300	1.003317	1.002745	1.003623	0.998911	0.999210
20.230274	1.001324	1.003220	-0.001896	1.001766	1.002776	1.003665	0.997670	0.999559
20.266666	1.007021	1.002676	0.004345	1.008019	1.002788	1.003680	1.003331	0.999002
20.303047	1.006543	1.002965	0.003578	1.007241	1.002778	1.003668	1.002866	0.999302
20.339449	1.005949	1.002803	0.003146	1.006770	1.002749	1.003628	1.002314	0.999180
20.378387	1.006060	1.003164	0.002896	1.006449	1.002694	1.003556	1.002496	0.999610
20.415857	1.008948	1.003932	0.005017	1.008474	1.002620	1.003459	1.005472	1.000473
20.452259	1.003322	1.003056	0.000267	1.003603	1.002529	1.003338	0.999986	0.999720
20.488651	1.014370	1.003094	0.011276	1.014467	1.002419	1.003193	1.011142	0.999902
20.525030	1.002765	1.003048	-0.000283	1.002739	1.002291	1.003024	0.999742	1.000025
20.561789	1.003155	1.003569	-0.000415	1.002414	1.002145	1.002831	1.000323	1.000737
20.603638	1.005978	1.004107	0.001871	1.004453	1.001959	1.002585	1.003385	1.001518
20.641495	1.006714	1.003191	0.003524	1.005863	1.001774	1.002341	1.004363	1.000848
20.677887	1.001706	1.003060	-0.001354	1.000734	1.001582	1.002089	0.999618	1.000969
20.714268	0.997563	1.001864	-0.004300	0.997520	1.001380	1.001821	0.995750	1.000042
20.750660	0.997848	1.001822	-0.003973	0.997566	1.001167	1.001540	0.996314	1.000281
20.787062	1.003336	1.001054	0.002282	1.003529	1.000945	1.001247	1.002086	0.999807
20.827076	0.997889	1.000585	-0.002696	0.998220	1.000693	1.000915	0.996977	0.999670
20.863480	0.995514	1.001019	-0.005505	0.995100	1.000459	1.000605	0.994911	1.000412
20.903503	1.003245	1.000496	0.002748	1.003009	1.000197	1.000260	1.002983	1.000235
