0.020659	0.983489	0.981574	0.001914	1.002728	1.000815	1.001109	0.982691	0.980778
0.057021	0.980607	0.981677	-0.001070	0.999556	1.000627	1.000852	0.979997	0.981066
0.093430	0.987427	0.984389	0.003038	1.003463	1.000439	1.000597	0.986998	0.983961
0.129792	0.978405	0.982891	-0.004487	0.995760	1.000252	1.000342	0.978163	0.982648
0.166189	0.985782	0.986019	-0.000236	0.999821	1.000066	1.000090	0.985722	0.985959
0.202563	0.981288	0.981375	-0.000087	0.999805	0.999882	0.999839	0.981409	0.981496
0.238969	0.985809	0.988445	-0.002637	0.997055	0.999700	0.999591	0.986110	0.988748
0.275355	0.988262	0.988311	-0.000049	0.999465	0.999520	0.999347	0.988743	0.988791
0.311729	0.987644	0.987001	0.000643	0.999981	0.999342	0.999105	0.988300	0.987657
0.348103	0.990664	0.988719	0.001945	1.001111	0.999167	0.998867	0.991496	0.989549
0.384511	0.989623	0.989458	0.000164	0.999159	0.998995	0.998633	0.990624	0.990460
0.420897	0.990210	0.992858	-0.002648	0.996172	0.998826	0.998403	0.991380	0.994031
0.457271	0.990940	0.990975	-0.000035	0.998626	0.998661	0.998178	0.992276	0.992310
0.493656	0.991245	0.993009	-0.001764	0.996734	0.998499	0.997959	0.992742	0.994509
0.530040	0.990523	0.993202	-0.002679	0.995659	0.998341	0.997744	0.992175	0.994859
0.566426	0.989484	0.990878	-0.001394	0.996802	0.998188	0.997535	0.991287	0.992684
0.602823	0.990594	0.992338	-0.001744	0.996295	0.998039	0.997332	0.992548	0.994296
0.639186	0.991956	0.991553	0.000403	0.998300	0.997894	0.997136	0.994056	0.993652
0.675582	0.996192	0.993088	0.003104	1.000858	0.997755	0.996946	0.998441	0.995330
0.712000	0.991419	0.991162	0.000256	0.997881	0.997620	0.996763	0.993791	0.993534
0.748375	0.988940	0.989343	-0.000403	0.997102	0.997491	0.996588	0.991435	0.991838
0.784750	0.988855	0.987985	0.000870	0.998250	0.997367	0.996420	0.991473	0.990600
0.821133	0.988133	0.987941	0.000191	0.997449	0.997249	0.996259	0.990866	0.990674
0.857519	0.988792	0.988248	0.000544	0.997689	0.997137	0.996106	0.991638	0.991093
0.893927	0.992463	0.989157	0.003305	1.000342	0.997031	0.995962	0.995426	0.992111
0.930300	0.989423	0.989095	0.000328	0.997267	0.996931	0.995826	0.992477	0.992148
0.966697	0.992579	0.995239	-0.002660	0.994175	0.996837	0.995698	0.995736	0.998405
1.003072	0.990934	0.991097	-0.000163	0.996594	0.996749	0.995579	0.994173	0.994337
1.039446	0.991128	0.991270	-0.000142	0.996532	0.996669	0.995469	0.994448	0.994591
1.075831	0.996369	0.998337	-0.001968	0.994618	0.996594	0.995368	0.999782	1.001757
1.112227	0.993603	0.994469	-0.000866	0.995661	0.996527	0.995276	0.997074	0.997943
1.150423	0.996769	0.997394	-0.000624	0.995831	0.996463	0.995190	1.000315	1.000942
1.190819	0.994916	0.996103	-0.001188	0.995212	0.996404	0.995109	0.998514	0.999706
1.228671	0.997272	0.994296	0.002976	0.999334	0.996356	0.995044	1.000927	0.997940
1.265068	0.998778	1.000199	-0.001421	0.994883	0.996317	0.994992	1.002477	1.003904
1.301430	0.997566	0.997961	-0.000395	0.995882	0.996286	0.994949	1.001293	1.001689
1.337816	0.996930	0.993789	0.003140	0.999401	0.996261	0.994915	1.000679	0.997527
1.374191	1.000229	1.001278	-0.001049	0.995178	0.996243	0.994890	1.004009	1.005062
1.410597	1.003784	1.003161	0.000623	0.996835	0.996232	0.994875	1.007588	1.006963
1.446993	1.000779	1.000078	0.000701	0.996916	0.996228	0.994870	1.004576	1.003872
1.483369	1.002963	1.002489	0.000474	0.996688	0.996231	0.994874	1.006765	1.006290
1.519731	0.997290	0.996954	0.000336	0.996571	0.996240	0.994887	1.001062	1.000724
1.556138	0.996373	0.996268	0.000105	0.996356	0.996257	0.994909	1.000124	1.000019
1.592524	0.993830	0.992893	0.000937	0.997223	0.996280	0.994941	0.997549	0.996608
1.628909	0.993680	0.992908	0.000772	0.997083	0.996309	0.994981	0.997369	0.996594
1.665273	0.993789	0.991318	0.002472	0.998822	0.996345	0.995030	0.997442	0.994962
1.701668	0.989765	0.989499	0.000265	0.996663	0.996388	0.995087	0.993361	0.993094
1.738054	0.998324	0.999721	-0.001397	0.995028	0.996436	0.995153	1.001903	1.003305
1.774439	0.992672	0.992986	-0.000314	0.996178	0.996491	0.995227	0.996175	0.996491
1.810836	0.994791	0.994100	0.000692	0.997241	0.996551	0.995309	0.998242	0.997548
1.847210	1.000992	1.001719	-0.000728	0.995877	0.996617	0.995399	1.004397	1.005127
1.883605	0.999717	1.000982	-0.001264	0.995413	0.996689	0.995497	1.003046	1.004315
1.919981	1.001452	1.000120	0.001332	0.998088	0.996766	0.995601	1.004709	1.003373
1.956365	1.000667	1.000709	-0.000042	0.996796	0.996848	0.995713	1.003839	1.003881
1.992751	1.001868	1.001897	-0.000029	0.996895	0.996935	0.995831	1.004956	1.004985
2.029147	0.997436	0.999741	-0.002304	0.994714	0.997027	0.995956	1.000419	1.002730
2.065532	1.003754	1.005736	-0.001981	0.995128	0.997123	0.996087	1.006659	1.008646
2.101907	1.006641	1.005841	0.000800	0.998010	0.997223	0.996223	1.009452	1.008650
2.138303	1.008638	1.005166	0.003472	1.000788	0.997328	0.996365	1.011348	1.007867
2.174666	1.005106	1.004808	0.000298	0.997722	0.997436	0.996512	1.007698	1.007400
2.211063	1.009928	1.007070	0.002858	1.000394	0.997547	0.996664	1.012419	1.009555
2.247459	1.005489	1.006240	-0.000751	0.996901	0.997662	0.996820	1.007853	1.008606
2.283833	1.007560	1.006058	0.001502	0.999271	0.997780	0.996980	1.009810	1.008305
2.320240	1.006531	1.006421	0.000111	0.998002	0.997900	0.997144	1.008658	1.008547
2.356626	0.997140	0.996724	0.000416	0.998437	0.998023	0.997311	0.999123	0.998706
2.392977	0.999557	0.997436	0.002121	1.000263	0.998147	0.997481	1.001421	0.999296
2.429385	0.996403	0.997981	-0.001578	0.996689	0.998274	0.997653	0.998134	0.999714
2.465770	0.997164	0.996981	0.000183	0.998580	0.998402	0.997827	0.998767	0.998584
2.502145	0.994736	0.995966	-0.001230	0.997294	0.998532	0.998003	0.996207	0.997439
2.538518	1.003340	1.003180	0.000160	0.998819	0.998662	0.998180	1.004693	1.004533
2.574915	0.995013	0.996465	-0.001452	0.997335	0.998793	0.998358	0.996224	0.997678
2.611301	1.001677	1.003869	-0.002192	0.996730	0.998924	0.998537	1.002765	1.004959
2.647707	1.003240	1.001064	0.002176	1.001226	0.999055	0.998715	1.004197	1.002019
2.684071	1.004998	1.005002	-0.000004	0.999182	0.999186	0.998893	1.005825	1.005829
2.720456	1.003583	1.002547	0.001036	1.000350	0.999317	0.999070	1.004278	1.003242
2.756830	1.005433	1.005795	-0.000362	0.999086	0.999446	0.999247	1.005999	1.006361
2.793227	1.005854	1.003163	0.002690	1.002263	0.999575	0.999421	1.006291	1.003599
2.829601	1.004822	1.004314	0.000507	1.000209	0.999701	0.999594	1.005131	1.004623
2.865997	1.004442	1.005849	-0.001406	0.998423	0.999827	0.999764	1.004626	1.006032
2.902383	1.001992	1.004068	-0.002076	0.997874	0.999950	0.999932	1.002052	1.004128
2.938779	1.007515	1.009370	-0.001855	0.998226	1.000071	1.000097	1.007453	1.009308
2.975142	1.005937	1.007851	-0.001914	0.998282	1.000190	1.000258	1.005756	1.007670
3.011549	1.011068	1.010072	0.000997	1.001315	1.000306	1.000416	1.010769	1.009773
3.047912	1.011617	1.011122	0.000495	1.000931	1.000418	1.000569	1.011205	1.010710
3.084309	1.007173	1.008093	-0.000920	0.999617	1.000528	1.000718	1.006652	1.007572
3.123260	1.008555	1.010492	-0.001938	0.998719	1.000641	1.000872	1.007919	1.009856
3.160723	1.011233	1.010789	0.000445	1.001207	1.000746	1.001014	1.010490	1.010046
3.198554	1.012054	1.010937	0.001117	1.001984	1.000848	1.001153	1.011208	1.010092
3.237127	1.010290	1.010836	-0.000546	1.000418	1.000947	1.001287	1.009346	1.009891
3.273512	1.003788	1.003132	0.000656	1.001694	1.001035	1.001408	1.002761	1.002106
3.309898	0.997967	1.002046	-0.004079	0.997036	1.001119	1.001523	0.996862	1.000936
3.346282	0.998408	0.999613	-0.001205	0.999981	1.001199	1.001631	0.997223	0.998427
3.382691	1.001695	1.000869	0.000826	1.002088	1.001273	1.001732	1.000432	0.999607
3.419065	1.003115	1.004744	-0.001629	0.999715	1.001343	1.001826	1.001782	1.003409
3.455461	1.003488	1.002628	0.000860	1.002261	1.001407	1.001913	1.002090	1.001231
3.491813	1.002326	1.004761	-0.002435	0.999032	1.001465	1.001993	1.000871	1.003302
3.528209	1.006116	1.005272	0.000844	1.002366	1.001519	1.002065	1.004602	1.003760
3.564595	1.005099	1.004018	0.001081	1.002646	1.001566	1.002130	1.003540	1.002460
3.600991	1.004008	1.004421	-0.000413	1.001194	1.001608	1.002187	1.002408	1.002821
3.637365	1.011004	1.009605	0.001399	1.003061	1.001644	1.002236	1.009357	1.007960
3.673750	1.006213	1.004943	0.001271	1.002946	1.001674	1.002277	1.004544	1.003276
3.710136	1.011079	1.010733	0.000346	1.002068	1.001698	1.002309	1.009378	1.009032
3.746521	1.005217	1.007087	-0.001870	0.999854	1.001716	1.002334	1.003507	1.005374
3.782906	1.002556	1.005215	-0.002659	0.999071	1.001728	1.002350	1.000839	1.003494
3.819291	1.010093	1.010946	-0.000853	1.000905	1.001734	1.002358	1.008357	1.009208
3.855677	1.005852	1.004806	0.001046	1.002780	1.001734	1.002358	1.004124	1.003080
3.892072	1.010562	1.009982	0.000580	1.002326	1.001727	1.002349	1.008832	1.008253
3.928436	1.007236	1.009241	-0.002005	0.999726	1.001715	1.002333	1.005524	1.007526
3.964855	1.009780	1.009779	0.000001	1.001716	1.001697	1.002308	1.008083	1.008081
4.001217	1.012996	1.010006	0.002990	1.004680	1.001672	1.002274	1.011318	1.008333
4.037603	1.010005	1.003237	0.006768	1.008407	1.001642	1.002233	1.008362	1.001605
4.073977	1.003181	1.001049	0.002132	1.003727	1.001605	1.002183	1.001586	0.999458
4.110384	1.006693	1.008559	-0.001866	0.999712	1.001563	1.002126	1.005134	1.006997
4.146770	1.002975	1.001806	0.001169	1.002675	1.001515	1.002060	1.001470	1.000303
4.183156	0.996370	0.997243	-0.000872	1.000565	1.001461	1.001987	0.994929	0.995800
4.219528	1.004542	1.004831	-0.000289	1.001114	1.001402	1.001907	1.003148	1.003437
4.255926	1.004415	1.002753	0.001662	1.002993	1.001337	1.001819	1.003086	1.001427
4.292289	1.005013	1.005775	-0.000763	1.000508	1.001267	1.001723	1.003754	1.004515
4.329785	0.998453	1.000281	-0.001828	0.999349	1.001189	1.001617	0.997280	0.999106
4.368748	1.004093	1.003384	0.000709	1.001808	1.001103	1.001500	1.002999	1.002291
4.405111	1.010135	1.008010	0.002125	1.003152	1.001017	1.001383	1.009121	1.006998
4.441485	1.012281	1.011242	0.001039	1.001984	1.000926	1.001260	1.011356	1.010319
4.477881	1.002826	1.002994	-0.000167	1.000660	1.000831	1.001130	1.002006	1.002173
4.514277	1.008084	1.004890	0.003194	1.003927	1.000731	1.000995	1.007360	1.004168
4.550685	1.006608	1.005926	0.000683	1.001314	1.000628	1.000853	1.005989	1.005307
4.587049	1.004725	1.003705	0.001019	1.001537	1.000520	1.000707	1.004215	1.003196
4.623423	1.010069	1.013552	-0.003483	0.996948	1.000408	1.000555	1.009669	1.013150
4.659808	1.005142	1.006936	-0.001794	0.998504	1.000293	1.000398	1.004860	1.006653
4.696204	1.007290	1.006893	0.000396	1.000575	1.000174	1.000236	1.007126	1.006730
4.732578	1.007196	1.004575	0.002620	1.002672	1.000052	1.000070	1.007155	1.004534
4.768964	1.008655	1.008128	0.000526	1.000459	0.999927	0.999900	1.008739	1.008213
4.805370	1.004020	1.003404	0.000616	1.000412	0.999799	0.999726	1.004233	1.003617
4.841734	1.000760	1.001187	-0.000426	0.999236	0.999668	0.999549	1.001103	1.001529
4.878131	0.998492	1.000413	-0.001922	0.997607	0.999535	0.999368	0.998966	1.000888
4.914515	1.002127	1.002252	-0.000126	0.999271	0.999400	0.999185	1.002738	1.002863
4.950890	1.001751	1.003833	-0.002082	0.997180	0.999264	0.998999	1.002498	1.004582
4.987298	1.001837	0.999356	0.002481	1.001600	0.999125	0.998810	1.002724	1.000240
5.023660	1.000191	1.000216	-0.000024	0.998955	0.998985	0.998620	1.001216	1.001240
5.060068	1.001911	1.003249	-0.001338	0.997504	0.998844	0.998428	1.003079	1.004418
5.096487	1.000821	1.001111	-0.000289	0.998408	0.998702	0.998235	1.002130	1.002420
5.132839	1.001484	1.002277	-0.000793	0.997763	0.998559	0.998040	1.002937	1.003730
5.169235	1.004699	1.004605	0.000093	0.998507	0.998416	0.997845	1.006300	1.006207
5.205620	1.005714	1.005961	-0.000247	0.998022	0.998272	0.997650	1.007462	1.007709
5.242005	1.004064	1.004966	-0.000902	0.997222	0.998129	0.997455	1.005953	1.006857
5.278402	1.005288	1.004303	0.000984	0.998964	0.997985	0.997260	1.007324	1.006337
5.314775	1.008160	1.002991	0.005169	1.003006	0.997842	0.997065	1.010346	1.005166
5.351151	1.003723	1.004271	-0.000548	0.997145	0.997699	0.996871	1.006043	1.006593
5.387558	1.010615	1.005538	0.005077	1.002626	0.997558	0.996678	1.013095	1.008005
5.423921	1.003227	1.004502	-0.001276	0.996133	0.997417	0.996487	1.005829	1.007108
5.460317	0.997081	0.999004	-0.001923	0.995352	0.997277	0.996297	0.999807	1.001735
5.496691	0.998137	0.998291	-0.000154	0.996982	0.997139	0.996109	1.001004	1.001159
5.533087	0.995348	0.999026	-0.003678	0.993321	0.997003	0.995924	0.998344	1.002033
5.569473	0.994437	0.995565	-0.001128	0.995741	0.996868	0.995740	0.997564	0.998696
5.605869	0.992919	0.993047	-0.000128	0.996613	0.996735	0.995560	0.996174	0.996302
5.642266	0.997673	0.995719	0.001954	0.998560	0.996604	0.995382	1.001074	0.999113
5.678640	0.995887	0.995689	0.000198	0.996675	0.996476	0.995207	0.999410	0.999212
5.715014	0.994870	0.994631	0.000239	0.996592	0.996350	0.995036	0.998516	0.998276
5.751422	0.996666	0.999388	-0.002722	0.993500	0.996226	0.994868	1.000442	1.003174
5.787784	1.000009	0.998485	0.001524	0.997627	0.996106	0.994704	1.003918	1.002388
5.824170	0.993560	0.998585	-0.005025	0.990960	0.995988	0.994544	0.997562	1.002607
5.860544	1.001584	0.999467	0.002116	0.997984	0.995873	0.994388	1.005733	1.003608
5.896962	1.001098	1.001318	-0.000220	0.995531	0.995762	0.994236	1.005358	1.005579
5.933315	1.001702	0.999326	0.002377	0.998024	0.995653	0.994089	1.006074	1.003687
5.969721	1.004381	0.998809	0.005572	1.001116	0.995548	0.993946	1.008870	1.003273
6.006107	1.000069	1.001020	-0.000950	0.994485	0.995447	0.993807	1.004641	1.005596
6.042493	0.998714	0.998258	0.000456	0.995801	0.995348	0.993674	1.003378	1.002920
6.078856	1.001142	1.000406	0.000736	0.995980	0.995254	0.993545	1.005912	1.005173
6.115252	1.001531	1.004951	-0.003421	0.991717	0.995163	0.993421	1.006395	1.009832
6.151638	1.004867	1.004513	0.000354	0.995410	0.995076	0.993303	1.009836	1.009480
6.188034	0.996681	0.996343	0.000338	0.995333	0.994992	0.993189	1.001693	1.001353
6.224419	1.000910	1.000779	0.000131	0.995031	0.994912	0.993081	1.006023	1.005892
6.260804	1.000886	1.000271	0.000615	0.995441	0.994836	0.992978	1.006075	1.005457
6.297167	1.005030	1.001264	0.003767	0.998517	0.994764	0.992880	1.010314	1.006527
6.333575	0.993814	0.993313	0.000501	0.995212	0.994696	0.992787	0.999107	0.998603
6.369938	0.993617	0.991908	0.001709	0.996359	0.994632	0.992700	0.998972	0.997254
6.406345	0.990926	0.993806	-0.002880	0.991703	0.994572	0.992617	0.996328	0.999223
6.442731	0.996100	0.995794	0.000305	0.994825	0.994515	0.992541	1.001586	1.001279
6.479115	0.996290	0.996202	0.000087	0.994553	0.994462	0.992469	1.001830	1.001742
6.515501	0.990676	0.991855	-0.001179	0.993255	0.994414	0.992402	0.996233	0.997419
6.551886	0.996750	0.997428	-0.000678	0.993690	0.994369	0.992341	1.002387	1.003068
6.588272	0.997829	0.998425	-0.000595	0.993727	0.994327	0.992285	1.003513	1.004112
6.624646	0.998151	0.996990	0.001161	0.995451	0.994290	0.992234	1.003874	1.002707
6.661031	0.996489	0.997255	-0.000766	0.993490	0.994256	0.992188	1.002237	1.003007
6.697427	0.998219	0.998382	-0.000163	0.994058	0.994226	0.992147	1.004007	1.004171
6.733824	1.001828	1.000323	0.001505	0.995692	0.994199	0.992111	1.007663	1.006150
6.770198	0.995776	0.997193	-0.001418	0.992759	0.994176	0.992079	1.001599	1.003025
6.806572	0.997466	1.000224	-0.002758	0.991387	0.994156	0.992053	1.003318	1.006093
6.842968	1.000000	1.001694	-0.001694	0.992431	0.994140	0.992031	1.005884	1.007588
6.879343	0.994313	0.997117	-0.002804	0.991323	0.994127	0.992013	1.000176	1.002997
6.915728	0.995474	0.995836	-0.000362	0.993761	0.994117	0.991999	1.001354	1.001719
6.952113	1.001541	0.997930	0.003611	0.997719	0.994110	0.991990	1.007463	1.003831
6.988510	0.999508	0.998894	0.000614	0.994715	0.994107	0.991985	1.005422	1.004805
7.024873	0.995297	0.995800	-0.000504	0.993609	0.994106	0.991984	1.001186	1.001693
7.061280	1.000308	0.997500	0.002808	0.996915	0.994108	0.991987	1.006225	1.003401
7.097687	0.998742	0.999369	-0.000627	0.993479	0.994113	0.991993	1.004645	1.005276
7.134052	0.994440	0.994851	-0.000411	0.993721	0.994120	0.992003	1.000311	1.000724
7.170425	0.996298	0.993531	0.002767	0.996912	0.994130	0.992016	1.002169	0.999386
7.206821	0.990823	0.994073	-0.003250	0.990905	0.994142	0.992033	0.996650	0.999919
7.243207	0.990114	0.993083	-0.002969	0.991204	0.994157	0.992053	0.995922	0.998908
7.279581	0.990134	0.991557	-0.001423	0.992775	0.994173	0.992076	0.995925	0.997356
7.315978	0.994083	0.996913	-0.002830	0.991366	0.994192	0.992101	0.999878	1.002725
7.352351	0.999677	0.996971	0.002706	0.996922	0.994213	0.992130	1.005484	1.002762
7.388736	0.992843	0.995076	-0.002233	0.992014	0.994236	0.992161	0.998587	1.000833
7.425122	0.993811	0.996623	-0.002812	0.991454	0.994260	0.992194	0.999536	1.002364
7.461507	0.996827	0.996571	0.000257	0.994548	0.994287	0.992230	1.002544	1.002285
7.497903	0.992230	0.991912	0.000318	0.994655	0.994314	0.992267	0.997892	0.997572
7.534267	1.001947	1.000116	0.001831	0.996168	0.994344	0.992307	1.007635	1.005793
7.570685	0.999560	1.000019	-0.000459	0.993910	0.994374	0.992349	1.005204	1.005665
7.607038	1.003303	1.003340	-0.000038	0.994353	0.994406	0.992392	1.008935	1.008973
7.643467	0.998279	0.997730	0.000549	0.994990	0.994439	0.992437	1.003850	1.003297
7.682374	0.996455	0.996069	0.000386	0.994869	0.994476	0.992487	1.001979	1.001591
7.719848	0.994827	0.997090	-0.002263	0.992252	0.994512	0.992536	1.000306	1.002581
7.756245	1.001152	1.000722	0.000430	0.994971	0.994548	0.992586	1.006629	1.006197
7.792630	1.000447	1.000857	-0.000410	0.994167	0.994585	0.992636	1.005883	1.006295
7.829004	1.002289	1.002220	0.000070	0.994679	0.994623	0.992687	1.007697	1.007627
7.865400	1.004456	1.005262	-0.000806	0.993835	0.994661	0.992739	1.009837	1.010647
7.901775	1.000736	1.000725	0.000011	0.994705	0.994700	0.992793	1.006057	1.006046
7.938159	1.000270	1.000382	-0.000111	0.994623	0.994740	0.992846	1.005550	1.005661
7.974545	0.999200	0.999384	-0.000184	0.994593	0.994780	0.992901	1.004433	1.004618
8.010931	1.000101	1.000692	-0.000591	0.994223	0.994821	0.992956	1.005298	1.005892
8.047327	0.991267	0.992053	-0.000786	0.994097	0.994862	0.993012	0.996377	0.997167
8.083723	0.993690	0.993028	0.000662	0.995579	0.994903	0.993068	0.998772	0.998107
8.120087	0.992029	0.993248	-0.001219	0.993742	0.994944	0.993124	0.997061	0.998286
8.156483	0.994225	0.994016	0.000208	0.995208	0.994986	0.993181	0.999226	0.999017
8.192868	1.001154	0.997428	0.003727	0.998757	0.995028	0.993238	1.006149	1.002403
8.229242	1.005145	1.000101	0.005044	1.000110	0.995070	0.993296	1.010117	1.005048
8.265616	0.995029	0.994810	0.000219	0.995342	0.995113	0.993353	0.999909	0.999689
8.302035	0.996032	0.995252	0.000780	0.995944	0.995155	0.993411	1.000873	1.000090
8.338409	1.000608	1.002603	-0.001995	0.993194	0.995198	0.993469	1.005429	1.007434
8.374805	0.999360	0.998113	0.001247	0.996489	0.995241	0.993527	1.004132	1.002879
8.411180	0.994113	0.993722	0.000391	0.995688	0.995284	0.993586	0.998818	0.998425
8.447577	1.000858	0.999690	0.001168	0.996491	0.995327	0.993644	1.005551	1.004378
8.483928	0.996673	0.998532	-0.001859	0.993510	0.995370	0.993703	1.001304	1.003171
8.520346	1.001599	1.003054	-0.001456	0.993948	0.995413	0.993762	1.006208	1.007671
8.556720	1.005368	1.001473	0.003894	0.999344	0.995457	0.993821	1.009951	1.006039
8.593118	0.994785	0.997724	-0.002940	0.992562	0.995500	0.993880	0.999276	1.002229
8.631669	1.001827	1.004295	-0.002469	0.993063	0.995547	0.993944	1.006303	1.008783
8.669554	1.005272	1.004345	0.000928	0.996507	0.995593	0.994006	1.009718	1.008786
8.705906	1.001332	1.001921	-0.000589	0.995041	0.995637	0.994066	1.005716	1.006307
8.742313	0.994193	0.993806	0.000388	0.996081	0.995681	0.994127	0.998501	0.998112
8.778676	0.992754	0.994230	-0.001477	0.994259	0.995726	0.994188	0.997011	0.998494
8.815084	0.996027	0.997510	-0.001483	0.994289	0.995772	0.994249	1.000253	1.001743
8.851447	1.000103	0.997866	0.002237	0.998055	0.995817	0.994312	1.004301	1.002054
8.887843	0.992343	0.991086	0.001257	0.997136	0.995863	0.994374	0.996462	0.995200
8.924239	1.001840	0.999326	0.002514	0.998421	0.995910	0.994438	1.005952	1.003427
8.960626	0.997297	0.996731	0.000566	0.996524	0.995957	0.994502	1.001344	1.000775
8.996999	0.998297	0.997863	0.000434	0.996438	0.996005	0.994566	1.002300	1.001863
9.033385	1.000664	1.000318	0.000345	0.996394	0.996053	0.994632	1.004627	1.004281
9.069758	0.999065	0.999212	-0.000146	0.995953	0.996102	0.994698	1.002974	1.003121
9.106166	1.000756	1.000667	0.000088	0.996235	0.996152	0.994766	1.004621	1.004532
9.142540	0.998556	0.997608	0.000948	0.997149	0.996202	0.994835	1.002362	1.001411
9.178937	1.004457	1.003000	0.001457	0.997702	0.996253	0.994904	1.008234	1.006772
9.215311	1.006353	1.004934	0.001419	0.997716	0.996305	0.994975	1.010085	1.008661
9.251697	1.001445	1.003418	-0.001973	0.994378	0.996358	0.995047	1.005105	1.007085
9.288081	0.998544	0.997689	0.000855	0.997267	0.996412	0.995121	1.002139	1.001281
9.324467	1.002231	1.002739	-0.000508	0.995952	0.996467	0.995195	1.005785	1.006294
9.364485	1.003591	1.002207	0.001384	0.997907	0.996529	0.995279	1.007087	1.005698
9.402336	1.008575	1.005551	0.003024	0.999605	0.996589	0.995361	1.012029	1.008994
9.440900	1.006700	1.004370	0.002330	0.998972	0.996651	0.995445	1.010084	1.007746
9.477285	1.001864	1.000329	0.001535	0.998241	0.996711	0.995526	1.005172	1.003632
9.513693	1.002578	1.000393	0.002186	0.998953	0.996772	0.995609	1.005827	1.003634
9.550056	0.999333	0.999650	-0.000317	0.996514	0.996834	0.995694	1.002509	1.002827
9.586440	0.996695	0.995366	0.001328	0.998228	0.996898	0.995781	0.999798	0.998466
9.622827	1.001185	1.000929	0.000256	0.997215	0.996963	0.995869	1.004237	1.003980
9.659200	0.995094	0.995415	-0.000321	0.996709	0.997029	0.995960	0.998061	0.998383
9.695607	0.997008	0.995035	0.001973	0.999070	0.997097	0.996052	0.999913	0.997935
9.731982	0.994255	0.995595	-0.001339	0.995826	0.997166	0.996146	0.997083	0.998426
9.768378	1.000166	0.999892	0.000274	0.997508	0.997237	0.996243	1.002940	1.002665
9.804753	0.995316	0.996847	-0.001531	0.995778	0.997310	0.996341	0.998004	0.999539
9.841149	0.996783	1.000216	-0.003433	0.993947	0.997383	0.996441	0.999401	1.002843
9.877512	0.998890	1.000033	-0.001143	0.996313	0.997459	0.996544	1.001439	1.002584
9.913920	1.002373	1.004107	-0.001733	0.995799	0.997535	0.996648	1.004853	1.006591
9.950282	0.995615	0.998081	-0.002466	0.995145	0.997614	0.996755	0.998000	1.000472
9.986679	0.999657	1.002905	-0.003248	0.994444	0.997693	0.996863	1.001971	1.005226
10.023087	1.002334	1.004418	-0.002084	0.995689	0.997775	0.996974	1.004573	1.006661
10.059448	1.003225	1.003507	-0.000282	0.997574	0.997858	0.997086	1.005382	1.005665
10.095835	1.002901	1.002601	0.000300	0.998241	0.997942	0.997201	1.004974	1.004673
10.132232	1.004303	1.005657	-0.001353	0.996675	0.998028	0.997317	1.006292	1.007648
10.168594	1.000530	1.003033	-0.002504	0.995610	0.998115	0.997436	1.002423	1.004932
10.204991	1.005560	1.008069	-0.002509	0.995695	0.998203	0.997556	1.007374	1.009887
10.241375	1.003457	1.004238	-0.000781	0.997513	0.998293	0.997679	1.005177	1.005960
10.278861	1.006849	1.008394	-0.001546	0.996846	0.998387	0.997806	1.008479	1.010028
10.317769	1.001116	1.002459	-0.001343	0.997143	0.998486	0.997941	1.002638	1.003983
10.354187	1.007948	1.005565	0.002383	1.000967	0.998580	0.998069	1.009386	1.006999
10.390561	1.007119	1.004498	0.002622	1.001299	0.998675	0.998198	1.008460	1.005835
10.426957	1.002374	1.000407	0.001967	1.000737	0.998771	0.998329	1.003612	1.001643
10.463343	0.998302	0.997568	0.000734	0.999598	0.998868	0.998461	0.999437	0.998702
10.499728	0.997625	0.997438	0.000187	0.999149	0.998966	0.998594	0.998661	0.998474
10.536079	0.998405	0.998209	0.000196	0.999257	0.999065	0.998729	0.999343	0.999147
10.572497	0.994134	0.993243	0.000892	1.000050	0.999165	0.998865	0.994969	0.994076
10.608851	0.998025	0.998766	-0.000741	0.998521	0.999266	0.999002	0.998762	0.999504
10.645258	1.003591	1.005581	-0.001991	0.997384	0.999368	0.999140	1.004230	1.006222
10.681622	0.997633	0.999977	-0.002344	0.997124	0.999470	0.999279	0.998167	1.000512
10.718028	0.993892	0.996730	-0.002838	0.996728	0.999572	0.999418	0.994322	0.997161
10.754403	0.999856	1.001492	-0.001637	0.998039	0.999675	0.999558	1.000185	1.001822
10.790822	0.997941	1.001720	-0.003779	0.996000	0.999779	0.999699	0.998166	1.001946
10.827173	1.004061	1.001741	0.002320	1.002203	0.999882	0.999840	1.004183	1.001863
10.863581	1.006111	1.004369	0.001742	1.001735	0.999986	0.999981	1.006129	1.004387
10.899944	1.004738	1.002791	0.001947	1.002041	1.000090	1.000123	1.004652	1.002704
10.936351	1.009021	1.008281	0.000741	1.000953	1.000194	1.000264	1.008830	1.008089
10.972703	1.004703	1.000588	0.004115	1.004412	1.000298	1.000405	1.004408	1.000294
11.009110	1.003213	1.003662	-0.000449	0.999958	1.000402	1.000546	1.002814	1.003263
11.045473	1.010502	1.008396	0.002106	1.002630	1.000505	1.000687	1.009996	1.007891
11.081893	1.007833	1.007330	0.000502	1.001127	1.000608	1.000827	1.007224	1.006722
11.118289	1.003089	1.003895	-0.000806	0.999911	1.000711	1.000967	1.002380	1.003185
11.154663	1.004513	1.004439	0.000074	1.000894	1.000813	1.001105	1.003701	1.003628
11.191037	1.009585	1.009659	-0.000074	1.000867	1.000914	1.001243	1.008667	1.008741
11.227433	1.006426	1.006372	0.000054	1.001083	1.001014	1.001380	1.005410	1.005356
11.263785	1.010347	1.010027	0.000320	1.001463	1.001114	1.001515	1.009227	1.008907
11.300193	0.999384	1.001032	-0.001648	0.999563	1.001213	1.001649	0.998178	0.999824
11.336567	1.004876	1.004618	0.000258	1.001578	1.001310	1.001782	1.003565	1.003307
11.372974	1.001454	0.997048	0.004406	1.005797	1.001407	1.001914	1.000051	0.995651
11.409349	0.997868	1.002800	-0.004931	0.996573	1.001502	1.002043	0.996375	1.001299
11.445745	0.996604	0.997028	-0.000424	1.001153	1.001596	1.002171	0.995019	0.995442
11.482130	0.999344	1.000288	-0.000944	1.000736	1.001689	1.002297	0.997662	0.998605
11.518517	1.001015	0.999074	0.001941	1.003709	1.001780	1.002421	0.999240	0.997302
11.554868	1.005258	1.004586	0.000672	1.002551	1.001870	1.002543	1.003385	1.002714
11.591298	1.006494	1.005944	0.000550	1.002523	1.001958	1.002663	1.004530	1.003981
11.630183	1.000489	1.000999	-0.000510	1.001532	1.002050	1.002788	0.998445	0.998954
11.667689	1.001136	1.001854	-0.000718	1.001417	1.002137	1.002907	0.999004	0.999720
11.704064	1.006265	1.005527	0.000738	1.002971	1.002220	1.003019	1.004039	1.003302
11.740449	1.003210	1.003789	-0.000579	1.001726	1.002301	1.003129	1.000910	1.001488
11.776846	1.004577	1.003930	0.000648	1.003032	1.002380	1.003236	1.002195	1.001549
11.820501	1.011065	1.011752	-0.000688	1.001829	1.002472	1.003362	1.008575	1.009261
12.074551	1.002367	0.998985	0.003382	1.007391	1.002950	1.004012	0.998366	0.994997
12.110914	1.003979	1.000978	0.003001	1.007087	1.003010	1.004093	0.999889	0.996900
12.147300	1.002957	0.999435	0.003522	1.007695	1.003068	1.004172	0.998792	0.995286
12.183673	1.000063	0.998845	0.001218	1.005453	1.003124	1.004248	0.995835	0.994622
12.220069	1.002824	0.999682	0.003141	1.007462	1.003178	1.004322	0.998511	0.995383
12.256443	0.996753	1.001045	-0.004292	1.000093	1.003229	1.004392	0.992397	0.996670
12.292850	1.001037	1.002226	-0.001189	1.003261	1.003279	1.004460	0.996595	0.997779
12.329226	1.003751	1.002439	0.001311	1.005826	1.003327	1.004525	0.999232	0.997926
12.365622	1.001678	1.001682	-0.000004	1.004575	1.003373	1.004587	0.997106	0.997110
12.401997	1.005143	1.002423	0.002720	1.007358	1.003417	1.004647	1.000496	0.997789
12.438381	1.001733	1.002191	-0.000458	1.004237	1.003459	1.004704	0.997045	0.997501
12.474778	0.997578	1.002224	-0.004645	1.000105	1.003499	1.004758	0.992855	0.997479
12.512996	1.001645	1.002804	-0.001159	1.003647	1.003539	1.004813	0.996848	0.998002
12.551183	1.001173	1.001423	-0.000250	1.004609	1.003578	1.004866	0.996326	0.996575
12.587578	1.001951	1.001388	0.000564	1.005470	1.003613	1.004913	0.997054	0.996493
12.623951	1.000198	1.001819	-0.001621	1.003329	1.003646	1.004959	0.995263	0.996876
12.660359	0.998036	1.001308	-0.003272	1.001725	1.003678	1.005002	0.993069	0.996325
12.696755	1.002078	1.001470	0.000607	1.005643	1.003708	1.005043	0.997049	0.996445
12.733130	1.004223	1.001029	0.003194	1.008273	1.003738	1.005083	0.999144	0.995966
12.769504	1.003671	1.000667	0.003004	1.008120	1.003766	1.005121	0.998557	0.995568
12.805889	1.000472	1.001534	-0.001062	1.004086	1.003792	1.005158	0.995338	0.996395
12.842297	1.001388	1.002150	-0.000762	1.004423	1.003818	1.005193	0.996214	0.996972
12.878659	0.996178	0.999656	-0.003477	1.001753	1.003843	1.005226	0.990998	0.994457
12.915068	1.002095	1.000732	0.001363	1.006618	1.003867	1.005259	0.996851	0.995495
12.951464	0.999842	1.001071	-0.001229	1.004054	1.003890	1.005290	0.994579	0.995801
12.987827	1.001806	1.001259	0.000546	1.005864	1.003912	1.005321	0.996501	0.995958
13.024212	0.997049	1.000478	-0.003429	1.001918	1.003934	1.005351	0.991740	0.995151
13.060609	1.004553	1.001208	0.003346	1.008722	1.003956	1.005380	0.999175	0.995848
13.096982	0.999720	1.001469	-0.001750	1.003656	1.003977	1.005408	0.994339	0.996080
13.133402	1.001709	1.003665	-0.001956	1.003474	1.003997	1.005437	0.996289	0.998235
13.169753	1.007169	1.003639	0.003530	1.008987	1.004018	1.005464	1.001692	0.998181
13.206139	1.003088	1.003593	-0.000504	1.004986	1.004038	1.005492	0.997606	0.998107
13.242513	1.004632	1.003010	0.001622	1.007135	1.004059	1.005520	0.999113	0.997500
13.278909	1.005583	1.003270	0.002312	1.007858	1.004080	1.005548	1.000030	0.997730
13.315283	1.000254	1.002961	-0.002707	1.002866	1.004101	1.005577	0.994702	0.997394
13.351680	1.000826	1.002420	-0.001593	1.004009	1.004122	1.005606	0.995243	0.996827
13.391331	1.007154	1.001996	0.005158	1.010792	1.004145	1.005638	1.001503	0.996374
13.431726	1.000179	1.002260	-0.002081	1.003586	1.004170	1.005671	0.994533	0.996602
13.468112	1.002774	1.002313	0.000461	1.006160	1.004193	1.005702	0.997082	0.996624
13.504508	1.004853	1.001994	0.002860	1.008587	1.004216	1.005734	0.999118	0.996275
13.540894	0.997346	1.001754	-0.004409	1.001351	1.004240	1.005767	0.991620	0.996004
13.577279	1.003646	1.002509	0.001137	1.006935	1.004265	1.005801	0.997850	0.996720
13.613652	0.999882	1.002362	-0.002480	1.003353	1.004291	1.005836	0.994073	0.996538
13.650028	1.001541	1.001951	-0.000409	1.005462	1.004318	1.005873	0.995686	0.996093
13.686423	0.997221	1.000499	-0.003278	1.002632	1.004346	1.005911	0.991353	0.994611
13.722798	1.002400	1.000802	0.001598	1.007544	1.004375	1.005950	0.996462	0.994873
13.759206	1.002675	1.001098	0.001577	1.007564	1.004405	1.005991	0.996694	0.995126
13.795590	1.000387	1.002102	-0.001715	1.004318	1.004437	1.006034	0.994377	0.996083
13.831965	1.005022	1.001873	0.003149	1.009222	1.004469	1.006078	0.998940	0.995810
13.868350	0.999924	1.001253	-0.001330	1.004795	1.004503	1.006124	0.993827	0.995149
13.904736	1.007573	1.003484	0.004089	1.010261	1.004538	1.006172	1.001382	0.997318
13.941477	1.002076	1.003891	-0.001815	1.004408	1.004575	1.006222	0.995869	0.997672
13.981150	1.006998	1.004718	0.002280	1.008559	1.004616	1.006278	1.000704	0.998439
14.017547	1.001683	1.003766	-0.002084	1.004249	1.004655	1.006331	0.995369	0.997440
14.053909	1.002604	1.003387	-0.000783	1.005605	1.004696	1.006386	0.996230	0.997007
14.090294	1.003391	1.004172	-0.000781	1.005662	1.004737	1.006443	0.996956	0.997732
14.126669	1.006476	1.004045	0.002431	1.008935	1.004780	1.006501	0.999962	0.997547
14.163077	1.003150	1.003693	-0.000543	1.006020	1.004825	1.006561	0.996598	0.997137
14.199439	0.998440	1.003047	-0.004607	1.002019	1.004870	1.006623	0.991857	0.996434
14.235836	1.003151	1.003264	-0.000113	1.006576	1.004917	1.006687	0.996474	0.996586
14.272221	1.002660	1.003360	-0.000700	1.006054	1.004965	1.006752	0.995921	0.996617
14.308629	1.003230	1.003677	-0.000448	1.006373	1.005013	1.006818	0.996421	0.996866
14.344993	1.004506	1.002625	0.001882	1.008765	1.005063	1.006886	0.997621	0.995753
14.381378	1.003158	1.001954	0.001204	1.008167	1.005114	1.006956	0.996214	0.995018
14.417763	1.002485	1.003294	-0.000809	1.006219	1.005166	1.007026	0.995476	0.996279
14.454148	1.003648	1.003592	0.000057	1.007154	1.005219	1.007097	0.996560	0.996503
14.490522	1.006723	1.003470	0.003253	1.010422	1.005272	1.007170	0.999540	0.996310
14.526918	1.005914	1.003826	0.002088	1.009333	1.005326	1.007243	0.998663	0.996591
14.563326	1.004559	1.003436	0.001122	1.008442	1.005381	1.007318	0.997244	0.996130
14.599711	0.997981	1.003384	-0.005403	1.001986	1.005435	1.007392	0.990641	0.996005
14.636064	1.003068	1.005251	-0.002183	1.005288	1.005491	1.007467	0.995616	0.997783
14.672460	1.001494	1.005413	-0.003919	1.003628	1.005546	1.007543	0.993979	0.997869
14.708845	1.003600	1.004586	-0.000986	1.006634	1.005602	1.007618	0.995995	0.996973
14.745230	1.003953	1.005544	-0.001591	1.006109	1.005657	1.007694	0.996271	0.997849
14.781605	1.007983	1.006301	0.001682	1.009458	1.005712	1.007769	1.000195	0.998526
14.818023	1.008985	1.006023	0.002962	1.010813	1.005767	1.007843	1.001115	0.998176
14.854386	1.003978	1.004947	-0.000968	1.006952	1.005821	1.007917	0.996074	0.997035
14.890782	1.007941	1.005362	0.002579	1.010572	1.005875	1.007990	0.999932	0.997374
14.927145	1.005267	1.004980	0.000287	1.008350	1.005928	1.008062	0.997209	0.996924
14.963553	1.001440	1.005328	-0.003888	1.004248	1.005980	1.008133	0.993343	0.997199
14.999939	1.005531	1.005786	-0.000255	1.007951	1.006031	1.008202	0.997332	0.997585
15.036324	1.005404	1.004656	0.000747	1.009017	1.006081	1.008270	0.997139	0.996398
15.072708	1.004427	1.004405	0.000022	1.008358	1.006129	1.008335	0.996106	0.996084
15.109105	1.003879	1.004749	-0.000870	1.007525	1.006175	1.008398	0.995500	0.996362
15.145468	1.006563	1.006166	0.000397	1.008860	1.006220	1.008459	0.998101	0.997708
15.184053	1.007697	1.005741	0.001957	1.010479	1.006265	1.008521	0.999165	0.997225
15.221883	1.004244	1.004609	-0.000365	1.008211	1.006307	1.008578	0.995684	0.996046
15.258279	1.004241	1.004578	-0.000336	1.008292	1.006346	1.008630	0.995631	0.995964
15.294653	1.005605	1.004220	0.001385	1.010053	1.006381	1.008679	0.996935	0.995562
15.334671	1.006735	1.004455	0.002280	1.011005	1.006418	1.008728	0.998006	0.995746
15.371068	1.004979	1.005262	-0.000283	1.008484	1.006448	1.008769	0.996225	0.996505
15.407464	1.005112	1.005315	-0.000203	1.008602	1.006474	1.008805	0.996321	0.996522
15.444917	1.009609	1.006659	0.002950	1.011791	1.006499	1.008839	1.000746	0.997822
15.483857	1.004450	1.007319	-0.002869	1.006003	1.006521	1.008868	0.995603	0.998447
15.520619	1.008043	1.008081	-0.000039	1.008866	1.006538	1.008891	0.999141	0.999180
15.560260	1.007449	1.008011	-0.000563	1.008359	1.006552	1.008910	0.998534	0.999092
15.596679	1.005947	1.006844	-0.000898	1.008028	1.006560	1.008922	0.997034	0.997923
15.633042	1.009012	1.007402	0.001610	1.010543	1.006565	1.008929	1.000066	0.998470
15.669416	1.002767	1.006899	-0.004132	1.004800	1.006566	1.008930	0.993875	0.997971
15.705813	1.005708	1.006854	-0.001146	1.007784	1.006563	1.008925	0.996795	0.997931
15.742554	1.011029	1.006658	0.004370	1.013286	1.006555	1.008915	1.002079	0.997747
15.782228	1.005096	1.005639	-0.000543	1.008348	1.006541	1.008896	0.996218	0.996756
15.818623	1.005406	1.006240	-0.000835	1.008036	1.006524	1.008873	0.996548	0.997375
15.854987	1.008391	1.006879	0.001512	1.010361	1.006502	1.008843	0.999537	0.998039
15.893928	1.008531	1.005589	0.002942	1.011740	1.006473	1.008803	0.999715	0.996799
15.931378	1.002415	1.004401	-0.001986	1.006758	1.006440	1.008758	0.993697	0.995666
15.967820	1.007211	1.006117	0.001094	1.009800	1.006403	1.008708	0.998502	0.997418
16.005993	1.008222	1.006069	0.002153	1.010797	1.006358	1.008647	0.999564	0.997430
16.044201	1.004062	1.005584	-0.001522	1.007052	1.006308	1.008579	0.995508	0.997017
16.080576	1.005162	1.004320	0.000841	1.009335	1.006255	1.008507	0.996670	0.995836
16.116972	1.003059	1.003306	-0.000247	1.008160	1.006197	1.008428	0.994663	0.994908
16.153368	1.004048	1.004285	-0.000237	1.008092	1.006133	1.008341	0.995731	0.995965
16.189743	1.006684	1.004369	0.002314	1.010553	1.006065	1.008248	0.998437	0.996142
16.226139	1.005654	1.004547	0.001107	1.009244	1.005990	1.008147	0.997516	0.996418
16.262512	1.000044	1.004358	-0.004314	1.003718	1.005911	1.008039	0.992059	0.996338
16.298887	1.000925	1.005229	-0.004305	1.003614	1.005826	1.007924	0.993046	0.997317
16.335283	1.007601	1.006094	0.001508	1.009305	1.005736	1.007801	0.999792	0.998296
16.371647	1.005556	1.006061	-0.000505	1.007167	1.005641	1.007672	0.997891	0.998392
16.408054	1.005610	1.006114	-0.000504	1.007029	1.005540	1.007535	0.998080	0.998581
16.444427	1.007234	1.005643	0.001591	1.008981	1.005435	1.007391	0.999836	0.998257
16.480825	1.004930	1.004919	0.000011	1.007250	1.005324	1.007241	0.997698	0.997687
16.517199	1.005040	1.005032	0.000008	1.007087	1.005208	1.007083	0.997963	0.997956
16.553595	1.003029	1.004660	-0.001631	1.005285	1.005087	1.006919	0.996130	0.997750
16.589991	1.005971	1.004005	0.001965	1.008708	1.004962	1.006748	0.999222	0.997270
16.626366	1.004389	1.003940	0.000449	1.007015	1.004832	1.006571	0.997827	0.997381
16.662750	1.008739	1.004413	0.004326	1.010710	1.004696	1.006387	1.002332	0.998033
16.699125	1.002861	1.003657	-0.000796	1.005397	1.004557	1.006198	0.996679	0.997470
16.735533	1.007215	1.003556	0.003659	1.009657	1.004413	1.006002	1.001202	0.997565
16.771929	1.003514	1.003454	0.000060	1.005855	1.004265	1.005800	0.997723	0.997664
16.808304	1.003033	1.002553	0.000480	1.006068	1.004113	1.005593	0.997451	0.996973
16.844688	1.004416	1.002830	0.001586	1.006962	1.003957	1.005381	0.999038	0.997460
16.881073	1.002597	1.002864	-0.000267	1.004892	1.003797	1.005164	0.997445	0.997710
16.917459	1.006955	1.001701	0.005254	1.010189	1.003633	1.004941	1.002002	0.996774
16.953833	0.998854	1.000442	-0.001588	1.003127	1.003467	1.004715	0.994166	0.995746
16.990252	0.997973	1.001546	-0.003573	1.000905	1.003297	1.004483	0.993518	0.997075
17.026625	1.001260	1.001989	-0.000729	1.003515	1.003124	1.004248	0.997024	0.997750
17.063034	1.000497	1.000375	0.000122	1.004130	1.002948	1.004009	0.996502	0.996380
17.099398	0.999698	1.000928	-0.001231	1.002532	1.002770	1.003767	0.995947	0.997173
17.135780	1.001377	1.001203	0.000174	1.003690	1.002590	1.003522	0.997863	0.997690
17.172155	1.001118	1.001894	-0.000777	1.002493	1.002408	1.003274	0.997852	0.998627
17.208542	0.999032	1.001833	-0.002801	1.000217	1.002223	1.003024	0.996023	0.998815
17.244947	1.003262	1.001358	0.001904	1.004667	1.002038	1.002771	1.000492	0.998593
17.281322	1.003626	1.002190	0.001436	1.003953	1.001851	1.002517	1.001109	0.999677
17.317719	1.000364	1.000540	-0.000176	1.002081	1.001663	1.002261	0.998111	0.998286
17.354082	1.000059	1.000740	-0.000681	1.001317	1.001474	1.002005	0.998063	0.998742
17.390467	1.000178	1.000229	-0.000051	1.001694	1.001285	1.001747	0.998438	0.998489
17.426863	0.999913	0.999876	0.000037	1.001521	1.001095	1.001490	0.998431	0.998394
17.463226	1.002007	0.999237	0.002770	1.003999	1.000906	1.001232	1.000779	0.998012
17.499657	1.000154	0.998627	0.001527	1.002499	1.000717	1.000975	0.999186	0.997661
17.535997	1.000744	0.998365	0.002378	1.003096	1.000529	1.000719	1.000030	0.997654
17.574226	0.998931	0.996440	0.002491	1.002944	1.000332	1.000451	0.998487	0.995997
17.612411	0.993588	0.996477	-0.002888	0.997299	1.000136	1.000185	0.993411	0.996299
17.648819	0.997743	0.997243	0.000500	1.000433	0.999951	0.999934	0.997816	0.997316
17.685183	0.996726	0.996796	-0.000069	0.999616	0.999768	0.999685	0.997047	0.997117
17.723391	0.994036	0.997086	-0.003050	0.996375	0.999578	0.999427	0.994613	0.997666
17.761608	0.993804	0.995906	-0.002102	0.997072	0.999391	0.999172	0.994636	0.996740
17.797981	0.996800	0.995850	0.000949	0.999885	0.999215	0.998933	0.997873	0.996922
17.834368	0.996607	0.995422	0.001184	0.999886	0.999042	0.998698	0.997914	0.996729
17.870787	0.994982	0.994529	0.000453	0.998925	0.998873	0.998467	0.996519	0.996065
17.907171	0.991434	0.994957	-0.003523	0.994724	0.998706	0.998240	0.993190	0.996719
17.943567	0.990963	0.992210	-0.001247	0.996784	0.998543	0.998019	0.992938	0.994188
17.979942	0.991994	0.993575	-0.001581	0.996233	0.998385	0.997803	0.994187	0.995771
18.016315	0.991728	0.993044	-0.001316	0.996288	0.998230	0.997593	0.994130	0.995449
18.052711	0.993273	0.994172	-0.000899	0.996496	0.998080	0.997388	0.995884	0.996785
18.089087	0.992236	0.995462	-0.003226	0.993961	0.997934	0.997190	0.995041	0.998276
18.125494	0.990882	0.995125	-0.004243	0.992754	0.997793	0.996998	0.993875	0.998131
18.161858	0.998523	0.995511	0.003012	0.999824	0.997657	0.996814	1.001725	0.998703
18.198265	0.995608	0.995432	0.000175	0.996815	0.997526	0.996636	0.998978	0.998803
18.234673	0.995193	0.995225	-0.000032	0.996433	0.997401	0.996465	0.998733	0.998765
18.271034	0.994057	0.993954	0.000103	0.996409	0.997281	0.996303	0.997756	0.997653
18.307421	0.991892	0.994291	-0.002399	0.993751	0.997168	0.996148	0.995738	0.998146
18.343817	0.993108	0.993728	-0.000620	0.995385	0.997060	0.996001	0.997106	0.997728
18.380201	0.996212	0.993818	0.002394	0.998261	0.996958	0.995863	1.000361	0.997957
18.417665	0.991220	0.993441	-0.002222	0.993512	0.996860	0.995729	0.995482	0.997713
18.456583	0.993229	0.992497	0.000732	0.996345	0.996765	0.995600	0.997629	0.996894
18.492981	0.993733	0.992714	0.001019	0.996516	0.996683	0.995488	0.998248	0.997224
18.529354	0.990191	0.991657	-0.001466	0.993935	0.996607	0.995386	0.994792	0.996265
18.565750	0.991633	0.992929	-0.001296	0.994001	0.996538	0.995292	0.996334	0.997637
18.602135	0.994844	0.992438	0.002406	0.997623	0.996476	0.995208	0.999645	0.997228
18.638521	0.990575	0.991448	-0.000873	0.994275	0.996421	0.995133	0.995430	0.996308
18.674894	0.992176	0.992103	0.000074	0.995152	0.996373	0.995067	0.997106	0.997032
18.711313	0.990270	0.990204	0.000066	0.995100	0.996331	0.995011	0.995246	0.995180
18.747656	0.994301	0.990831	0.003471	0.998453	0.996297	0.994964	0.999345	0.995857
18.784073	0.994473	0.991521	0.002952	0.997893	0.996269	0.994926	0.999555	0.996588
18.824081	0.989912	0.991649	-0.001737	0.993173	0.996247	0.994896	0.995000	0.996747
18.860476	0.994658	0.992308	0.002351	0.997238	0.996234	0.994879	0.999789	0.997426
18.896839	0.992430	0.992693	-0.000263	0.994613	0.996228	0.994871	0.997558	0.997822
18.933237	0.990379	0.993108	-0.002730	0.992144	0.996229	0.994872	0.995494	0.998238
18.969643	0.992485	0.994147	-0.001662	0.993216	0.996237	0.994882	0.997601	0.999271
19.009672	0.991921	0.994238	-0.002317	0.992588	0.996253	0.994905	0.997011	0.999340
19.048948	0.996131	0.993851	0.002280	0.997215	0.996277	0.994937	1.001211	0.998919
19.089687	1.001300	0.993858	0.007442	1.002427	0.996310	0.994982	1.006361	0.998881
19.126095	0.995342	0.993670	0.001672	0.996701	0.996346	0.995031	1.000323	0.998643
19.162458	0.993533	0.993810	-0.000278	0.994811	0.996389	0.995089	0.998447	0.998726
19.198843	0.992681	0.993678	-0.000998	0.994163	0.996437	0.995155	0.997524	0.998527
19.235262	0.991974	0.993706	-0.001732	0.993501	0.996492	0.995229	0.996739	0.998480
19.271635	0.994483	0.992140	0.002343	0.997666	0.996552	0.995311	0.999178	0.996824
19.308022	0.992773	0.992735	0.000037	0.995447	0.996619	0.995401	0.997369	0.997332
19.344397	0.992029	0.993079	-0.001050	0.994456	0.996690	0.995499	0.996525	0.997580
19.380802	0.990925	0.992690	-0.001765	0.993850	0.996768	0.995604	0.995311	0.997084
19.417166	0.992377	0.992452	-0.000075	0.995653	0.996850	0.995716	0.996657	0.996733
19.453550	0.995697	0.993175	0.002522	0.998363	0.996937	0.995834	0.999873	0.997341
19.489935	0.990871	0.991863	-0.000992	0.994982	0.997029	0.995959	0.994901	0.995897
19.526312	0.992634	0.992732	-0.000098	0.996004	0.997125	0.996090	0.996541	0.996640
19.562696	0.995218	0.991866	0.003353	0.999594	0.997225	0.996226	0.998999	0.995633
19.602348	0.992503	0.991615	0.000888	0.997287	0.997339	0.996381	0.996118	0.995227
19.639111	0.995895	0.994489	0.001406	0.997938	0.997449	0.996531	0.999373	0.997962
19.675495	0.990113	0.992747	-0.002634	0.994063	0.997561	0.996683	0.993419	0.996062
19.711891	0.995881	0.994605	0.001277	0.998119	0.997676	0.996840	0.999049	0.997769
19.748278	0.998156	0.995539	0.002617	0.999612	0.997794	0.997000	1.001170	0.998546
19.788296	0.995838	0.994919	0.000919	0.998100	0.997927	0.997181	0.998665	0.997743
19.824682	0.991888	0.995921	-0.004033	0.993310	0.998050	0.997348	0.994536	0.998580
19.861078	0.994268	0.995236	-0.000968	0.996552	0.998176	0.997519	0.996752	0.997722
19.897440	0.994904	0.995160	-0.000255	0.997438	0.998302	0.997691	0.997218	0.997474
19.933847	0.993599	0.995633	-0.002034	0.995831	0.998431	0.997866	0.995734	0.997773
19.970211	0.997921	0.995342	0.002579	1.000624	0.998560	0.998042	0.999890	0.997306
20.006630	0.997879	0.994453	0.003426	1.001650	0.998691	0.998220	0.999670	0.996238
20.042994	0.998709	0.995243	0.003466	1.001867	0.998822	0.998398	1.000323	0.996852
20.079399	0.992692	0.994825	-0.002133	0.996446	0.998953	0.998576	0.994119	0.996255
20.115763	0.992240	0.994213	-0.001973	0.996785	0.999084	0.998755	0.993489	0.995464
20.152147	0.994663	0.995051	-0.000388	0.998546	0.999215	0.998933	0.995737	0.996126
20.188511	0.994501	0.995595	-0.001094	0.998015	0.999345	0.999110	0.995400	0.996494
20.224918	0.996693	0.995241	0.001453	1.000738	0.999475	0.999286	0.997418	0.995964
20.261293	0.991091	0.995042	-0.003951	0.995508	0.999603	0.999460	0.991639	0.995592
20.297701	0.993429	0.994881	-0.001452	0.998179	0.999730	0.999632	0.993807	0.995259
20.334064	1.000690	0.996402	0.004288	1.004086	0.999854	0.999802	1.000901	0.996612
20.370461	0.993787	0.995223	-0.001436	0.998535	0.999977	0.999969	0.993831	0.995267
20.406834	1.006131	0.996867	0.009264	1.009392	1.000098	1.000133	1.006011	0.996747
20.443953	0.999498	0.997545	0.001953	1.002242	1.000218	1.000296	0.999215	0.997262
20.483248	0.997283	0.998950	-0.001667	0.998789	1.000342	1.000465	0.996833	0.998499
20.519634	0.998851	0.999363	-0.000512	1.000098	1.000454	1.000617	0.998249	0.998760
20.556009	0.998994	0.999592	-0.000599	1.000162	1.000562	1.000764	0.998244	0.998842
20.592438	0.998700	0.998696	0.000004	1.000904	1.000667	1.000907	0.997808	0.997804
20.628801	1.000215	0.998651	0.001564	1.002598	1.000768	1.001044	0.999185	0.997623
20.665176	0.995073	0.998938	-0.003865	0.997302	1.000865	1.001176	0.993918	0.997778
20.701550	0.995637	0.998892	-0.003255	0.998042	1.000957	1.001302	0.994357	0.997607
20.737946	0.995992	0.999080	-0.003088	0.998325	1.001046	1.001422	0.994592	0.997676
20.774343	0.997151	0.999430	-0.002278	0.999245	1.001130	1.001536	0.995637	0.997912
20.810728	0.998359	0.997450	0.000909	1.002542	1.001208	1.001643	0.996736	0.995828
20.847101	0.998113	0.998293	-0.000180	1.001550	1.001282	1.001744	0.996391	0.996570
20.883499	0.995768	0.998221	-0.002452	0.999373	1.001351	1.001837	0.993958	0.996406
20.919872	0.994879	0.998800	-0.003921	0.997990	1.001414	1.001923	0.992985	0.996898
20.956291	0.997146	0.997018	0.000128	1.002114	1.001472	1.002002	0.995169	0.995041
20.995932	0.997857	0.997774	0.000082	1.002146	1.001529	1.002080	0.995802	0.995720
21.041771	0.995832	0.998303	-0.002471	0.999671	1.001587	1.002158	0.993704	0.996170
