0.016918	0.987621	0.978153	0.009468	1.000644	0.992260	0.991021	0.996617	0.987063
0.053305	0.980038	0.980670	-0.000633	0.990763	0.992482	0.991279	0.988709	0.989347
0.089704	0.978219	0.981765	-0.003546	0.988092	0.992708	0.991542	0.986614	0.990191
0.126082	0.985339	0.981672	0.003667	0.995570	0.992939	0.991809	0.993530	0.989832
0.162482	0.989040	0.982363	0.006677	0.998844	0.993173	0.992081	0.996989	0.990259
0.198881	0.987009	0.982911	0.004098	0.996536	0.993412	0.992358	0.994666	0.990536
0.235258	0.984478	0.981533	0.002945	0.995679	0.993655	0.992639	0.991835	0.988868
0.271647	0.988340	0.981979	0.006362	0.999375	0.993901	0.992925	0.995440	0.989033
0.308003	0.978549	0.981189	-0.002639	0.990674	0.994151	0.993216	0.985292	0.987949
0.344413	0.980604	0.982156	-0.001553	0.992051	0.994406	0.993511	0.987067	0.988630
0.380779	0.979107	0.982823	-0.003716	0.990173	0.994663	0.993810	0.985266	0.989005
0.417200	0.980909	0.982206	-0.001297	0.992900	0.994925	0.994113	0.986777	0.988082
0.453579	0.984981	0.983204	0.001777	0.996268	0.995190	0.994420	0.990568	0.988781
0.489978	0.982731	0.983419	-0.000688	0.994112	0.995458	0.994732	0.987997	0.988689
0.526367	0.984517	0.983851	0.000667	0.995777	0.995730	0.995046	0.989479	0.988809
0.562744	0.984414	0.984560	-0.000145	0.995275	0.996004	0.995365	0.989060	0.989206
0.599121	0.987497	0.985302	0.002195	0.997930	0.996281	0.995686	0.991836	0.989632
0.635543	0.986640	0.986099	0.000541	0.996593	0.996561	0.996011	0.990652	0.990109
0.671898	0.986200	0.986496	-0.000296	0.996080	0.996843	0.996338	0.989884	0.990182
0.708309	0.983702	0.987172	-0.003470	0.993231	0.997128	0.996669	0.987049	0.990531
0.744676	0.986163	0.986552	-0.000389	0.996650	0.997415	0.997001	0.989188	0.989578
0.781086	0.982578	0.988352	-0.005774	0.991592	0.997703	0.997335	0.985261	0.991051
0.817452	0.990111	0.987790	0.002321	1.000036	0.997993	0.997672	0.992479	0.990152
0.853863	0.986720	0.988165	-0.001445	0.996603	0.998284	0.998009	0.988743	0.990192
0.890230	0.987196	0.987878	-0.000683	0.997693	0.998576	0.998348	0.988884	0.989568
0.926629	0.987342	0.985779	0.001563	1.000294	0.998869	0.998688	0.988693	0.987128
0.963018	0.983149	0.985583	-0.002434	0.996636	0.999162	0.999028	0.984158	0.986594
0.999417	0.983672	0.983761	-0.000089	0.999338	0.999456	0.999369	0.984344	0.984433
1.035817	0.988662	0.987472	0.001190	1.000939	0.999749	0.999709	0.988999	0.987809
1.072206	0.986657	0.986432	0.000226	1.000308	1.000042	1.000048	0.986657	0.986431
1.108561	0.985193	0.988533	-0.003340	0.997073	1.000333	1.000387	0.984858	0.988196
1.144971	0.988646	0.986269	0.002377	1.003133	1.000624	1.000724	0.987974	0.985599
1.181327	0.987210	0.989587	-0.002377	0.998704	1.000914	1.001060	0.986207	0.988582
1.217749	0.986851	0.988339	-0.001488	0.999926	1.001202	1.001394	0.985518	0.987004
1.254482	0.986175	0.990419	-0.004244	0.997494	1.001490	1.001728	0.984513	0.988749
1.294170	0.987591	0.989708	-0.002118	0.999980	1.001799	1.002086	0.985571	0.987684
1.330536	0.986158	0.992024	-0.005865	0.996560	1.002079	1.002411	0.983821	0.989673
1.366924	0.994319	0.991697	0.002622	1.005369	1.002356	1.002733	0.991643	0.989028
1.403313	0.989835	0.991426	-0.001590	1.001464	1.002630	1.003050	0.986856	0.988441
1.439701	0.993580	0.992906	0.000674	1.004038	1.002900	1.003364	0.990278	0.989606
1.476090	0.997611	0.992643	0.004969	1.008641	1.003166	1.003672	0.993989	0.989038
1.512479	0.996295	0.992845	0.003449	1.007425	1.003428	1.003976	0.992374	0.988938
1.548879	0.989791	0.992616	-0.002826	1.001456	1.003685	1.004274	0.985601	0.988415
1.585256	0.996036	0.991809	0.004227	1.008795	1.003937	1.004567	0.991529	0.987321
1.621644	0.988216	0.991961	-0.003745	1.001118	1.004184	1.004854	0.983462	0.987188
1.658043	0.987677	0.991324	-0.003647	1.001483	1.004426	1.005134	0.982649	0.986277
1.694432	0.998234	0.992383	0.005851	1.011262	1.004662	1.005408	0.992879	0.987059
1.730843	0.989667	0.991805	-0.002138	1.003528	1.004893	1.005676	0.984095	0.986221
1.767221	0.994191	0.994518	-0.000327	1.005605	1.005117	1.005936	0.988335	0.988661
1.806531	0.993476	0.994774	-0.001298	1.004924	1.005352	1.006209	0.987354	0.988644
1.843630	0.994095	0.994345	-0.000250	1.006199	1.005568	1.006459	0.987723	0.987971
1.880019	0.994722	0.993832	0.000890	1.007571	1.005772	1.006696	0.988111	0.987227
1.916407	0.994654	0.993394	0.001260	1.008169	1.005970	1.006925	0.987817	0.986565
1.952819	0.992394	0.994829	-0.002436	1.004695	1.006161	1.007147	0.985354	0.987772
1.989185	0.994087	0.994362	-0.000275	1.007067	1.006345	1.007360	0.986824	0.987097
2.025584	0.991202	0.996417	-0.005215	1.002340	1.006522	1.007565	0.983759	0.988935
2.061972	0.994611	0.994754	-0.000143	1.007601	1.006692	1.007763	0.986947	0.987090
2.098350	0.995598	0.996074	-0.000476	1.007459	1.006855	1.007951	0.987740	0.988213
2.134761	0.993103	0.996634	-0.003531	1.004585	1.007011	1.008132	0.985087	0.988589
2.171138	0.993335	0.996223	-0.002889	1.005395	1.007159	1.008305	0.985147	0.988012
2.207527	0.993559	0.994314	-0.000755	1.007688	1.007301	1.008469	0.985208	0.985956
2.250460	0.988223	0.994353	-0.006130	1.002498	1.007459	1.008653	0.979736	0.985813
2.294482	0.995963	0.993276	0.002687	1.011489	1.007612	1.008829	0.987236	0.984572
2.331971	0.996101	0.994515	0.001586	1.010538	1.007734	1.008971	0.987233	0.985661
2.371270	0.995475	0.995430	0.000045	1.009126	1.007854	1.009111	0.986475	0.986430
2.408758	0.992394	0.993360	-0.000966	1.008232	1.007962	1.009236	0.983298	0.984255
2.447702	0.993847	0.996342	-0.002496	1.006834	1.008067	1.009358	0.984618	0.987091
2.484068	0.995191	0.994714	0.000478	1.009907	1.008160	1.009465	0.985845	0.985372
2.520479	0.992237	0.995980	-0.003743	1.005791	1.008246	1.009565	0.982820	0.986527
2.558679	0.999371	0.996550	0.002822	1.012455	1.008331	1.009664	0.989789	0.986995
2.596889	0.999596	0.997676	0.001920	1.011650	1.008410	1.009756	0.989920	0.988019
2.633268	0.991049	0.997761	-0.006713	1.003097	1.008481	1.009838	0.981376	0.988023
2.669667	1.002419	0.997860	0.004559	1.014450	1.008547	1.009915	0.992560	0.988046
2.706054	0.994796	0.997914	-0.003118	1.006840	1.008609	1.009986	0.984941	0.988028
2.742432	0.999271	1.000358	-0.001088	1.008954	1.008667	1.010054	0.989305	0.990382
2.778832	0.993668	1.000307	-0.006639	1.003460	1.008721	1.010117	0.983696	0.990269
2.815221	0.994831	0.997684	-0.002853	1.007294	1.008773	1.010176	0.984789	0.987614
2.851598	1.000433	0.996944	0.003490	1.013687	1.008821	1.010233	0.990280	0.986825
2.887975	0.997699	0.994796	0.002903	1.013160	1.008868	1.010287	0.987520	0.984647
2.924386	0.999662	0.996727	0.002935	1.013241	1.008912	1.010338	0.989412	0.986507
2.960763	0.997178	0.996688	0.000490	1.010846	1.008955	1.010388	0.986904	0.986420
2.997185	0.995167	0.998711	-0.003544	1.006878	1.008997	1.010436	0.984867	0.988374
3.033529	1.000033	0.998086	0.001947	1.012410	1.009038	1.010484	0.989636	0.987709
3.069929	0.992779	0.997517	-0.004738	1.005756	1.009079	1.010531	0.982411	0.987100
3.106318	0.997386	0.998506	-0.001120	1.009429	1.009119	1.010579	0.986923	0.988032
3.142729	0.999761	1.000332	-0.000570	1.010044	1.009161	1.010627	0.989227	0.989791
3.179106	0.997109	0.999217	-0.002108	1.008540	1.009203	1.010676	0.986555	0.988640
3.215516	0.996915	0.999610	-0.002695	1.008012	1.009247	1.010727	0.986313	0.988979
3.251861	1.003697	1.000092	0.003605	1.014358	1.009292	1.010779	0.992970	0.989404
3.288271	1.004500	0.999936	0.004564	1.015371	1.009340	1.010835	0.993711	0.989196
3.324638	0.995340	1.001145	-0.005805	1.005068	1.009390	1.010893	0.984592	0.990335
3.361037	1.006217	1.001690	0.004527	1.015473	1.009443	1.010954	0.995290	0.990813
3.401070	1.002916	1.001781	0.001136	1.012144	1.009505	1.011026	0.991955	0.990832
3.437447	0.995962	0.999881	-0.003919	1.007145	1.009566	1.011096	0.985008	0.988885
3.473858	0.998084	0.999756	-0.001672	1.009466	1.009630	1.011171	0.987034	0.988688
3.510236	1.000720	1.001037	-0.000316	1.010935	1.009698	1.011250	0.989563	0.989876
3.546624	1.003641	0.998719	0.004922	1.016234	1.009771	1.011334	0.992368	0.987501
3.583013	1.001126	1.001665	-0.000539	1.010888	1.009849	1.011425	0.989793	0.990326
3.619412	1.001953	1.002612	-0.000658	1.010880	1.009931	1.011520	0.990517	0.991167
3.655801	1.000438	1.001474	-0.001037	1.010559	1.010019	1.011622	0.988918	0.989943
3.695445	1.000883	1.002951	-0.002068	1.009680	1.010121	1.011740	0.989242	0.991286
3.732188	0.996322	1.000983	-0.004661	1.007169	1.010221	1.011857	0.984621	0.989227
3.772233	0.995516	1.002448	-0.006933	1.005039	1.010337	1.011991	0.983693	0.990543
3.808621	1.003395	1.001738	0.001656	1.013748	1.010448	1.012120	0.991351	0.989715
3.844999	0.999785	1.002343	-0.002557	1.009668	1.010566	1.012256	0.987652	0.990178
3.881399	1.003601	1.003107	0.000494	1.012868	1.010689	1.012399	0.991281	0.990793
3.917787	0.998362	1.004043	-0.005681	1.006852	1.010818	1.012548	0.985960	0.991571
3.954176	1.007093	1.003120	0.003973	1.016650	1.010952	1.012705	0.994429	0.990506
3.990553	1.006103	1.004732	0.001371	1.014225	1.011093	1.012868	0.993291	0.991937
4.026941	1.004860	1.005140	-0.000281	1.012739	1.011239	1.013037	0.991896	0.992173
4.063341	1.002226	1.005027	-0.002801	1.010392	1.011391	1.013214	0.989124	0.991888
4.099741	1.011275	1.004253	0.007022	1.020393	1.011548	1.013396	0.997874	0.990945
4.136117	1.009169	1.003561	0.005607	1.019163	1.011711	1.013585	0.995609	0.990078
4.172496	1.012017	1.002324	0.009693	1.023433	1.011878	1.013779	0.998228	0.988667
4.208906	1.008485	1.003742	0.004744	1.018687	1.012051	1.013979	0.994547	0.989869
4.245294	1.004671	1.005235	-0.000564	1.013591	1.012228	1.014184	0.990584	0.991140
4.281672	1.000896	1.004869	-0.003974	1.010396	1.012409	1.014394	0.986657	0.990574
4.318072	1.009520	1.006196	0.003324	1.017938	1.012594	1.014609	0.994947	0.991671
4.354460	1.006567	1.005905	0.000663	1.015467	1.012782	1.014827	0.991823	0.991170
4.390848	0.999237	1.006364	-0.007127	1.007900	1.012973	1.015049	0.984383	0.991404
4.427237	1.010204	1.006083	0.004121	1.019356	1.013168	1.015274	0.994966	0.990907
4.463614	1.003630	1.006844	-0.003214	1.012261	1.013364	1.015502	0.988269	0.991434
4.500026	1.011179	1.006952	0.004227	1.019937	1.013562	1.015732	0.995476	0.991314
4.536403	1.014627	1.008352	0.006275	1.022231	1.013762	1.015963	0.998642	0.992466
4.572781	1.010015	1.007984	0.002031	1.018195	1.013962	1.016196	0.993875	0.991876
4.609158	1.009630	1.008936	0.000693	1.017101	1.014162	1.016428	0.993267	0.992585
4.645590	1.011973	1.009560	0.002414	1.019055	1.014363	1.016661	0.995344	0.992970
4.681946	1.008064	1.009688	-0.001624	1.015269	1.014562	1.016892	0.991273	0.992870
4.718335	1.015280	1.009393	0.005887	1.022979	1.014760	1.017122	0.998142	0.992354
4.754723	1.017959	1.008895	0.009064	1.026371	1.014956	1.017349	1.000551	0.991642
4.791145	1.011811	1.009214	0.002597	1.020139	1.015150	1.017574	0.994288	0.991736
4.827510	1.010238	1.009850	0.000389	1.018166	1.015341	1.017795	0.992526	0.992144
4.863921	1.005033	1.011213	-0.006180	1.011854	1.015527	1.018012	0.987201	0.993272
4.900310	1.008595	1.009330	-0.000735	1.017459	1.015710	1.018223	0.990493	0.991215
4.936699	1.015192	1.011598	0.003594	1.022037	1.015887	1.018429	0.996770	0.993241
4.973065	1.011272	1.010928	0.000344	1.018958	1.016058	1.018628	0.992727	0.992389
5.009465	1.012464	1.011380	0.001084	1.019898	1.016224	1.018820	0.993708	0.992645
5.045843	1.010797	1.012022	-0.001225	1.017777	1.016383	1.019004	0.991893	0.993095
5.082241	1.010736	1.010232	0.000503	1.019626	1.016534	1.019179	0.991661	0.991167
5.120818	1.014629	1.012699	0.001930	1.021283	1.016686	1.019355	0.995308	0.993415
5.158663	1.014251	1.011299	0.002953	1.022423	1.016825	1.019517	0.994779	0.991883
5.195041	1.009727	1.012094	-0.002367	1.017265	1.016950	1.019662	0.990201	0.992522
5.231429	1.010239	1.012088	-0.001850	1.017904	1.017065	1.019795	0.990572	0.992386
5.267829	1.010361	1.013224	-0.002863	1.017032	1.017170	1.019917	0.990574	0.993380
5.305328	1.014158	1.012752	0.001406	1.021401	1.017266	1.020029	0.994187	0.992808
5.344272	1.009876	1.012803	-0.002927	1.017170	1.017354	1.020131	0.989890	0.992759
5.380628	1.015539	1.013308	0.002231	1.022413	1.017424	1.020211	0.995362	0.993175
5.418483	1.013595	1.014509	-0.000914	1.019356	1.017483	1.020281	0.993388	0.994284
5.457060	1.009333	1.014071	-0.004737	1.015583	1.017530	1.020335	0.989159	0.993801
5.493439	1.016152	1.012206	0.003946	1.024266	1.017560	1.020370	0.995806	0.991939
5.529827	1.007748	1.012420	-0.004672	1.015678	1.017578	1.020390	0.987551	0.992130
5.566215	1.012330	1.012521	-0.000191	1.020163	1.017581	1.020394	0.992037	0.992224
5.602625	1.008670	1.010432	-0.001762	1.018549	1.017570	1.020381	0.988462	0.990188
5.638980	1.012224	1.011841	0.000383	1.020707	1.017545	1.020352	0.991973	0.991598
5.675402	1.009226	1.012963	-0.003737	1.016568	1.017505	1.020306	0.989079	0.992742
5.712135	1.014660	1.012138	0.002522	1.022735	1.017450	1.020242	0.994467	0.991995
5.751801	1.016270	1.012473	0.003798	1.023922	1.017374	1.020154	0.996132	0.992409
5.788191	1.011916	1.012585	-0.000669	1.019366	1.017288	1.020054	0.991960	0.992616
5.824579	1.014035	1.012709	0.001326	1.021249	1.017187	1.019936	0.994152	0.992852
5.863867	1.018490	1.012663	0.005828	1.025607	1.017060	1.019790	0.998664	0.992950
5.900989	1.015436	1.012382	0.003055	1.022666	1.016924	1.019632	0.995823	0.992827
5.937377	1.009276	1.012811	-0.003535	1.015911	1.016775	1.019459	0.989949	0.993416
5.973778	1.013241	1.013189	0.000051	1.019338	1.016611	1.019269	0.994024	0.993973
6.010166	1.010452	1.012948	-0.002496	1.016573	1.016432	1.019061	0.991490	0.993939
6.046544	1.011268	1.012379	-0.001111	1.017719	1.016238	1.018836	0.992511	0.993601
6.082921	1.008479	1.011751	-0.003272	1.015306	1.016029	1.018593	0.990009	0.993221
6.119320	1.009658	1.012854	-0.003196	1.015160	1.015805	1.018334	0.991419	0.994557
6.155698	1.010281	1.012100	-0.001819	1.016240	1.015566	1.018057	0.992301	0.994087
6.192120	1.010314	1.012233	-0.001919	1.015858	1.015314	1.017764	0.992619	0.994505
6.228864	1.011180	1.011485	-0.000305	1.017151	1.015044	1.017451	0.993775	0.994075
6.268508	1.008668	1.010511	-0.001843	1.015252	1.014738	1.017096	0.991653	0.993465
6.304896	1.013909	1.009768	0.004140	1.020889	1.014443	1.016753	0.997141	0.993070
6.341308	1.012622	1.008959	0.003663	1.020050	1.014134	1.016396	0.996226	0.992622
6.377674	1.006221	1.008819	-0.002598	1.013439	1.013814	1.016024	0.990291	0.992849
6.414429	1.014034	1.008640	0.005394	1.021034	1.013478	1.015634	0.998364	0.993054
6.454128	1.008800	1.008398	0.000402	1.015614	1.013101	1.015197	0.993639	0.993243
6.490506	1.011395	1.008131	0.003263	1.018062	1.012744	1.014784	0.996601	0.993385
6.526873	1.008091	1.008095	-0.000004	1.014381	1.012377	1.014357	0.993763	0.993767
6.563282	1.012798	1.007738	0.005061	1.019012	1.011999	1.013919	0.998836	0.993845
6.599660	1.003043	1.007701	-0.004658	1.008860	1.011612	1.013470	0.989654	0.994250
6.636049	1.006876	1.006351	0.000526	1.013566	1.011215	1.013010	0.993888	0.993369
6.672426	1.007043	1.005682	0.001360	1.013922	1.010810	1.012540	0.994514	0.993170
6.708815	1.004464	1.006186	-0.001723	1.010376	1.010397	1.012061	0.992437	0.994139
6.745203	1.007717	1.005737	0.001980	1.013589	1.009977	1.011573	0.996132	0.994175
6.781603	1.004087	1.004777	-0.000691	1.010423	1.009549	1.011077	0.993031	0.993714
6.817981	1.000584	1.004582	-0.003997	1.006615	1.009116	1.010574	0.990060	0.994015
6.861666	1.004506	1.004381	0.000125	1.010131	1.008588	1.009962	0.994544	0.994420
7.107410	0.989189	0.989408	-0.000218	1.005180	1.005517	1.006400	0.983722	0.983939
7.145965	0.994973	0.993931	0.001042	1.005973	1.005027	1.005831	0.989957	0.988920
7.182375	0.995255	0.995841	-0.000585	1.003956	1.004563	1.005294	0.990696	0.991278
7.218742	0.993197	0.994085	-0.000888	1.003153	1.004101	1.004757	0.989103	0.989988
7.255142	0.990196	0.989977	0.000219	1.003772	1.003639	1.004221	0.986569	0.986351
7.291541	0.990970	0.992600	-0.001630	1.001515	1.003178	1.003687	0.987795	0.989419
7.327919	0.996483	0.995851	0.000632	1.003359	1.002720	1.003155	0.993746	0.993115
7.364296	1.001573	0.998648	0.002926	1.005229	1.002264	1.002626	0.999278	0.996359
7.400696	0.993148	0.993075	0.000073	1.001868	1.001810	1.002100	0.991322	0.991249
7.437073	0.996697	0.995172	0.001526	1.002903	1.001360	1.001578	0.995313	0.993790
7.473473	0.998787	0.999638	-0.000851	1.000113	1.000914	1.001060	0.997847	0.998696
7.509861	0.998617	1.002347	-0.003730	0.996817	1.000472	1.000547	0.998120	1.001848
7.546249	0.987221	0.990870	-0.003649	0.996372	1.000034	1.000040	0.987162	0.990811
7.582650	0.990115	0.991388	-0.001273	0.998328	0.999601	0.999537	0.990486	0.991760
7.619049	0.990826	0.987300	0.003525	1.002679	0.999174	0.999042	0.991623	0.988095
7.656870	0.989041	0.989426	-0.000385	0.998328	0.998736	0.998533	0.990273	0.990659
7.695438	0.990260	0.985611	0.004649	1.002908	0.998295	0.998023	0.991933	0.987276
7.731826	0.988901	0.985252	0.003648	1.001510	0.997886	0.997548	0.990979	0.987324
7.768225	0.981496	0.986456	-0.004960	0.992547	0.997484	0.997081	0.983958	0.988931
7.804624	0.988819	0.985661	0.003157	1.000237	0.997088	0.996622	0.991694	0.988528
7.841002	0.989773	0.987441	0.002332	0.999045	0.996700	0.996172	0.993040	0.990701
7.877380	0.979669	0.986691	-0.007022	0.989288	0.996318	0.995729	0.983281	0.990330
7.913791	0.990384	0.989592	0.000792	0.996761	0.995944	0.995295	0.994412	0.993616
7.950168	0.991931	0.988945	0.002986	0.998589	0.995578	0.994870	0.996334	0.993334
7.986545	0.990878	0.986131	0.004748	0.999995	0.995219	0.994454	0.995638	0.990867
8.022934	0.987443	0.989470	-0.002027	0.992863	0.994868	0.994047	0.992539	0.994576
8.059334	0.991377	0.988855	0.002522	0.997074	0.994524	0.993648	0.996839	0.994304
8.095722	0.980363	0.984183	-0.003820	0.990396	0.994189	0.993259	0.986100	0.989942
8.132111	0.987639	0.987440	0.000199	0.994085	0.993861	0.992879	0.993748	0.993548
8.168521	0.985360	0.985853	-0.000493	0.993079	0.993542	0.992508	0.991777	0.992273
8.204899	0.991500	0.988142	0.003358	0.996616	0.993230	0.992147	0.998272	0.994891
8.241288	0.993350	0.991994	0.001356	0.994341	0.992926	0.991795	1.000443	0.999078
8.277687	0.981881	0.986271	-0.004390	0.988263	0.992631	0.991452	0.989190	0.993613
8.314064	0.994312	0.987677	0.006635	0.998995	0.992343	0.991118	1.002006	0.995320
8.350475	0.988455	0.986217	0.002237	0.994322	0.992063	0.990793	0.996388	0.994132
8.386886	0.987759	0.983932	0.003827	0.995629	0.991790	0.990477	0.995962	0.992103
8.423230	0.985466	0.984715	0.000751	0.992292	0.991526	0.990170	0.993918	0.993160
8.459630	0.977328	0.979459	-0.002131	0.989091	0.991269	0.989872	0.985968	0.988118
8.496018	0.979806	0.980622	-0.000816	0.990191	0.991019	0.989582	0.988720	0.989543
8.532408	0.978976	0.979650	-0.000674	0.990119	0.990777	0.989301	0.988126	0.988807
8.568795	0.980180	0.982514	-0.002334	0.988231	0.990542	0.989029	0.989578	0.991935
8.608462	0.985793	0.984128	0.001665	0.991973	0.990294	0.988741	0.995498	0.993816
8.645217	0.978980	0.981017	-0.002037	0.988036	0.990071	0.988482	0.988843	0.990900
8.681605	0.984456	0.983771	0.000684	0.990553	0.989857	0.988235	0.994590	0.993899
8.717982	0.977942	0.982713	-0.004771	0.984889	0.989650	0.987994	0.988218	0.993040
8.754393	0.981457	0.987140	-0.005683	0.983774	0.989450	0.987762	0.991974	0.997717
8.790760	0.985799	0.986234	-0.000435	0.988836	0.989256	0.987536	0.996560	0.996999
8.827159	0.989358	0.987089	0.002268	0.991329	0.989067	0.987318	1.000350	0.998056
8.863537	0.982151	0.984728	-0.002577	0.986302	0.988885	0.987107	0.993248	0.995854
8.899937	0.988323	0.986573	0.001750	0.990433	0.988709	0.986902	0.999670	0.997900
8.936314	0.987962	0.984827	0.003134	0.991662	0.988538	0.986704	0.999479	0.996308
8.972713	0.990274	0.990685	-0.000411	0.987928	0.988373	0.986513	1.001987	1.002403
9.009091	0.982673	0.986059	-0.003386	0.984818	0.988213	0.986327	0.994459	0.997886
9.045480	0.983701	0.987418	-0.003717	0.984329	0.988059	0.986148	0.995656	0.999419
9.081868	0.986269	0.982380	0.003889	0.991803	0.987909	0.985974	0.998409	0.994472
9.118268	0.982156	0.982188	-0.000032	0.987736	0.987764	0.985807	0.994393	0.994425
9.154634	0.982942	0.981495	0.001447	0.989074	0.987624	0.985644	0.995330	0.993865
9.191068	0.978031	0.978388	-0.000356	0.987158	0.987489	0.985487	0.990495	0.990856
9.227446	0.977469	0.978930	-0.001461	0.985905	0.987358	0.985335	0.990057	0.991538
9.263822	0.978957	0.977628	0.001329	0.988588	0.987232	0.985189	0.991692	0.990346
9.300189	0.977338	0.977761	-0.000423	0.986695	0.987109	0.985047	0.990176	0.990605
9.336611	0.977752	0.981328	-0.003575	0.983411	0.986991	0.984910	0.990715	0.994337
9.372965	0.981994	0.981191	0.000803	0.987680	0.986877	0.984778	0.995128	0.994315
9.409388	0.984003	0.980358	0.003644	0.990415	0.986767	0.984650	0.997275	0.993582
9.445753	0.982541	0.980198	0.002343	0.989007	0.986661	0.984527	0.995901	0.993526
9.482154	0.987560	0.985473	0.002087	0.988633	0.986558	0.984408	1.001093	0.998977
9.521820	0.983802	0.982814	0.000988	0.987440	0.986451	0.984283	0.997391	0.996390
9.558554	0.988934	0.987699	0.001235	0.987520	0.986355	0.984172	1.002691	1.001439
9.594942	0.984002	0.981944	0.002058	0.988318	0.986264	0.984066	0.997783	0.995695
9.631330	0.988115	0.989157	-0.001042	0.985097	0.986176	0.983964	1.002042	1.003098
9.667718	0.979189	0.980713	-0.001524	0.984570	0.986092	0.983867	0.993074	0.994620
9.704128	0.982289	0.983703	-0.001415	0.984562	0.986011	0.983773	0.996298	0.997733
9.740506	0.983010	0.987021	-0.004011	0.981868	0.985934	0.983683	0.997108	1.001176
9.776883	0.993439	0.986019	0.007420	0.993274	0.985860	0.983598	1.007761	1.000234
9.813272	0.989096	0.983115	0.005981	0.991761	0.985789	0.983516	1.003425	0.997357
9.849672	0.987003	0.983386	0.003617	0.989339	0.985722	0.983438	1.001369	0.997699
9.886062	0.976000	0.978185	-0.002185	0.983497	0.985658	0.983364	0.990269	0.992485
9.922448	0.976931	0.975921	0.001009	0.986670	0.985598	0.983293	0.991272	0.990248
9.958849	0.973851	0.976054	-0.002203	0.983373	0.985541	0.983227	0.988203	0.990438
9.995215	0.978967	0.981034	-0.002067	0.983438	0.985487	0.983165	0.993447	0.995544
10.031605	0.980346	0.980054	0.000293	0.985744	0.985436	0.983106	0.994895	0.994598
10.067992	0.978916	0.980032	-0.001116	0.984296	0.985389	0.983051	0.993490	0.994622
10.104393	0.983516	0.981358	0.002158	0.987511	0.985345	0.983001	0.998200	0.996010
10.140781	0.984289	0.983147	0.001142	0.986452	0.985305	0.982954	0.999023	0.997864
10.177169	0.982052	0.988795	-0.006744	0.978437	0.985268	0.982911	0.996787	1.003632
10.213547	0.986638	0.985925	0.000713	0.985905	0.985234	0.982872	1.001474	1.000751
10.249935	0.982133	0.984450	-0.002317	0.982870	0.985204	0.982837	0.996929	0.999282
10.286325	0.987283	0.985150	0.002133	0.987285	0.985177	0.982806	1.002182	1.000017
10.322713	0.984940	0.985935	-0.000996	0.984111	0.985154	0.982779	0.999824	1.000835
10.359101	0.984402	0.985959	-0.001557	0.983580	0.985134	0.982756	0.999296	1.000877
10.395501	0.985358	0.984023	0.001336	0.986423	0.985118	0.982737	1.000280	0.998925
10.431890	0.986311	0.989138	-0.002827	0.982242	0.985105	0.982722	1.001258	1.004128
10.468266	0.995674	0.994231	0.001443	0.986444	0.985096	0.982711	1.010770	1.009305
10.504688	0.994932	0.993458	0.001474	0.986491	0.985090	0.982705	1.010020	1.008523
10.541077	0.993439	0.994897	-0.001459	0.983475	0.985088	0.982702	1.008503	1.009984
10.577477	0.985518	0.988187	-0.002670	0.982387	0.985089	0.982704	1.000458	1.003168
10.613876	0.982502	0.985854	-0.003352	0.981748	0.985094	0.982709	0.997389	1.000792
10.650243	0.987037	0.983906	0.003131	0.988293	0.985102	0.982719	1.001981	0.998802
10.686620	0.978225	0.981035	-0.002810	0.982371	0.985114	0.982733	0.993021	0.995873
10.723031	0.975173	0.975578	-0.000405	0.984830	0.985130	0.982750	0.989905	0.990316
10.759409	0.974703	0.976455	-0.001752	0.983510	0.985149	0.982772	0.989406	0.991185
10.795819	0.980953	0.982551	-0.001598	0.983602	0.985171	0.982798	0.995725	0.997347
10.832197	0.983436	0.979753	0.003682	0.988950	0.985197	0.982829	0.998216	0.994478
10.869674	0.976805	0.980891	-0.004086	0.981200	0.985227	0.982864	0.991453	0.995601
10.908618	0.982881	0.982918	-0.000037	0.985263	0.985263	0.982905	0.997582	0.997619
10.944996	0.983400	0.984933	-0.001533	0.983754	0.985299	0.982947	0.998070	0.999626
10.981372	0.984962	0.983277	0.001684	0.987056	0.985339	0.982994	0.999612	0.997902
11.017773	0.984624	0.985592	-0.000967	0.984412	0.985383	0.983044	0.999223	1.000205
11.054161	0.978682	0.985698	-0.007016	0.978391	0.985429	0.983098	0.993143	1.000263
11.091283	0.997125	0.991134	0.005991	0.991388	0.985481	0.983157	1.011805	1.005726
11.130571	0.984422	0.981582	0.002840	0.988441	0.985538	0.983225	0.998855	0.995973
11.166960	0.987602	0.990725	-0.003123	0.982406	0.985595	0.983290	1.002022	1.005190
11.203372	0.987623	0.986606	0.001017	0.986692	0.985655	0.983360	1.001980	1.000948
11.239738	0.995296	0.994234	0.001063	0.986638	0.985719	0.983434	1.009699	1.008621
11.276136	0.999737	0.992362	0.007375	0.993053	0.985785	0.983511	1.014134	1.006653
11.312548	0.989248	0.991248	-0.002000	0.983765	0.985854	0.983591	1.003422	1.005451
11.348913	0.992289	0.988938	0.003352	0.989241	0.985927	0.983675	1.006433	1.003033
11.385303	0.990867	0.986640	0.004227	0.990275	0.986003	0.983763	1.004912	1.000625
11.421702	0.980952	0.983639	-0.002687	0.983469	0.986081	0.983854	0.994776	0.997501
11.458079	0.977179	0.981000	-0.003821	0.982434	0.986163	0.983949	0.990868	0.994743
11.494469	0.975068	0.979703	-0.004635	0.981719	0.986247	0.984046	0.988642	0.993342
11.530857	0.985488	0.982479	0.003009	0.989413	0.986334	0.984148	0.999119	0.996068
11.567245	0.985753	0.984575	0.001178	0.987644	0.986424	0.984252	0.999297	0.998102
11.603645	0.979901	0.984335	-0.004434	0.982143	0.986517	0.984360	0.993271	0.997765
11.640022	0.984557	0.982171	0.002386	0.989082	0.986613	0.984471	0.997893	0.995474
11.676411	0.991221	0.988710	0.002511	0.989226	0.986712	0.984586	1.004548	1.002003
11.712799	0.987563	0.986594	0.000969	0.987813	0.986813	0.984703	1.000737	0.999756
11.749199	0.985700	0.984814	0.000886	0.987856	0.986918	0.984824	0.998745	0.997847
11.785578	0.987487	0.983485	0.004002	0.991085	0.987025	0.984949	1.000448	0.996393
11.821977	0.989483	0.990263	-0.000780	0.986369	0.987134	0.985076	1.002360	1.003150
11.858376	0.991785	0.992457	-0.000672	0.986528	0.987247	0.985207	1.004578	1.005259
11.894765	0.990974	0.991116	-0.000142	0.987181	0.987362	0.985340	1.003640	1.003784
11.931175	0.992341	0.991383	0.000958	0.988392	0.987481	0.985478	1.004906	1.003936
11.967530	0.998360	0.996769	0.001592	0.989096	0.987602	0.985618	1.010879	1.009268
12.003920	0.993314	0.992689	0.000625	0.988326	0.987725	0.985761	1.005645	1.005013
12.040307	0.998539	0.994913	0.003626	0.991442	0.987852	0.985909	1.010807	1.007136
12.076696	0.998452	0.998603	-0.000151	0.987772	0.987982	0.986059	1.010588	1.010740
12.113085	0.998961	0.997809	0.001152	0.989131	0.988114	0.986213	1.010969	1.009804
12.149495	0.989355	0.990618	-0.001263	0.987024	0.988250	0.986370	1.001112	1.002390
12.185884	0.988318	0.988034	0.000284	0.988667	0.988389	0.986531	0.999925	0.999638
12.222251	0.988934	0.986193	0.002740	0.991296	0.988530	0.986695	1.000406	0.997634
12.258639	0.983326	0.983111	0.000215	0.988950	0.988675	0.986863	0.994590	0.994372
12.295029	0.986505	0.988033	-0.001529	0.987348	0.988823	0.987034	0.997658	0.999204
12.331427	0.986306	0.986501	-0.000195	0.988815	0.988974	0.987210	0.997306	0.997503
12.367816	0.990990	0.987903	0.003087	0.992224	0.989129	0.987389	1.001889	0.998768
12.404205	0.985523	0.989703	-0.004179	0.985075	0.989286	0.987572	0.996205	1.000430
12.443882	0.988243	0.988806	-0.000563	0.988884	0.989462	0.987776	0.998779	0.999348
12.480626	0.995134	0.988187	0.006947	0.996569	0.989629	0.987970	1.005577	0.998557
12.517015	0.984512	0.993930	-0.009418	0.980336	0.989798	0.988165	0.994675	1.004191
12.553392	0.984345	0.991764	-0.007419	0.982525	0.989970	0.988365	0.994336	1.001830
12.589803	0.989979	0.988222	0.001758	0.991894	0.990146	0.988569	0.999852	0.998077
12.626191	0.988803	0.990050	-0.001246	0.989044	0.990326	0.988778	0.998485	0.999744
12.662580	0.991127	0.993258	-0.002131	0.988332	0.990509	0.988991	1.000648	1.002800
12.698957	0.996357	0.996322	0.000035	0.990658	0.990696	0.989208	1.005741	1.005705
12.735335	0.991825	0.990821	0.001004	0.991861	0.990888	0.989430	1.000975	0.999961
12.771746	0.994094	0.993409	0.000685	0.991697	0.991083	0.989656	1.003069	1.002378
12.808123	0.994008	0.994172	-0.000164	0.991099	0.991282	0.989887	1.002783	1.002949
12.844501	0.999452	1.003115	-0.003663	0.987667	0.991485	0.990123	1.008070	1.011765
12.880889	0.996375	0.999111	-0.002735	0.988894	0.991693	0.990363	1.004759	1.007517
12.917289	0.995033	0.997351	-0.002319	0.989491	0.991904	0.990609	1.003193	1.005531
12.953667	0.995876	0.998649	-0.002773	0.989307	0.992120	0.990859	1.003827	1.006622
12.990055	0.986121	0.992693	-0.006572	0.985768	0.992339	0.991114	0.993776	1.000398
13.029365	0.993831	0.993357	0.000474	0.993028	0.992581	0.991394	1.001302	1.000825
13.066476	0.986958	0.989047	-0.002089	0.990722	0.992814	0.991664	0.994146	0.996250
13.102855	0.983477	0.986019	-0.002542	0.990500	0.993046	0.991934	0.990410	0.992969
13.139254	0.989553	0.990879	-0.001325	0.991927	0.993283	0.992208	0.996292	0.997627
13.175653	0.995220	0.996558	-0.001339	0.992184	0.993523	0.992487	1.001756	1.003103
13.212042	0.996221	0.996519	-0.000298	0.993430	0.993768	0.992771	1.002518	1.002818
13.248430	0.988402	0.992522	-0.004120	0.989853	0.994016	0.993059	0.994402	0.998547
13.284819	0.989684	0.992611	-0.002927	0.991324	0.994268	0.993351	0.995440	0.998384
13.321186	0.993874	0.993956	-0.000082	0.994395	0.994524	0.993648	0.999398	0.999481
13.357585	0.999372	0.999385	-0.000013	0.994686	0.994784	0.993949	1.004665	1.004678
13.393963	0.997665	0.997524	0.000141	0.995175	0.995047	0.994254	1.002684	1.002542
13.430385	0.998544	0.999620	-0.001075	0.994188	0.995313	0.994564	1.003299	1.004380
13.466739	1.001972	1.000007	0.001965	0.997461	0.995583	0.994876	1.006471	1.004497
13.503139	1.001893	1.001580	0.000313	0.996102	0.995856	0.995193	1.006116	1.005801
13.539538	1.003787	1.003530	0.000257	0.996335	0.996132	0.995513	1.007738	1.007480
13.578483	1.006511	1.005241	0.001270	0.997641	0.996430	0.995858	1.010170	1.008896
13.615950	1.009461	1.003303	0.006158	1.002821	0.996719	0.996194	1.012836	1.006658
13.652338	1.002120	1.003751	-0.001631	0.995271	0.997003	0.996523	1.005185	1.006820
13.690892	1.012234	1.007331	0.004903	1.002206	0.997306	0.996875	1.015021	1.010105
13.728748	1.006660	1.002696	0.003964	1.001546	0.997605	0.997222	1.009128	1.005154
13.765137	1.002558	1.004237	-0.001680	0.996146	0.997894	0.997558	1.004723	1.006406
13.801525	1.003911	0.996862	0.007050	1.005195	0.998185	0.997895	1.005786	0.998723
13.837903	0.995385	0.998707	-0.003322	0.995154	0.998477	0.998233	0.996951	1.000278
13.874313	0.998226	0.994368	0.003858	1.002574	0.998770	0.998573	0.999503	0.995640
13.910702	0.994114	0.994227	-0.000113	0.998908	0.999063	0.998913	0.995092	0.995206
13.947080	0.990721	0.993474	-0.002753	0.996556	0.999356	0.999253	0.991404	0.994159
13.983468	0.995232	0.997409	-0.002176	0.997427	0.999650	0.999593	0.995624	0.997802
14.019857	1.002752	0.997727	0.005025	1.004902	0.999942	0.999933	1.002852	0.997827
14.056245	0.993701	0.995451	-0.001750	0.998434	1.000235	1.000272	0.993508	0.995258
14.092633	1.004671	1.005412	-0.000741	0.999730	1.000526	1.000610	1.004182	1.004922
14.129033	1.001380	1.000319	0.001061	1.001812	1.000816	1.000947	1.000601	0.999541
14.165422	1.007264	1.004675	0.002589	1.003625	1.001104	1.001281	1.006189	1.003603
14.201789	1.005824	1.006363	-0.000538	1.000806	1.001391	1.001613	1.004462	1.005000
14.238188	1.005578	1.007371	-0.001793	0.999859	1.001675	1.001943	1.003930	1.005720
14.274577	1.008154	1.008877	-0.000723	1.001202	1.001956	1.002269	1.006217	1.006939
14.312077	1.007883	1.006405	0.001478	1.003638	1.002243	1.002602	1.005657	1.004182
14.350997	1.011358	1.006813	0.004545	1.007039	1.002537	1.002943	1.008826	1.004293
14.387386	1.014510	1.009624	0.004885	1.007698	1.002809	1.003258	1.011695	1.006823
14.423775	1.010718	1.009876	0.000842	1.003882	1.003076	1.003568	1.007643	1.006804
14.460153	1.009533	1.011823	-0.002290	1.001022	1.003339	1.003874	1.006196	1.008478
14.496564	1.006783	1.006005	0.000778	1.004338	1.003598	1.004174	1.003194	1.002419
14.532952	1.014098	1.011976	0.002121	1.005942	1.003852	1.004469	1.010225	1.008112
14.569329	1.012198	1.011487	0.000711	1.004851	1.004101	1.004757	1.008081	1.007373
14.605706	1.010583	1.011852	-0.001269	1.003048	1.004345	1.005040	1.006226	1.007490
14.642107	1.005398	1.011460	-0.006062	0.998508	1.004583	1.005316	1.000825	1.006859
14.678506	1.017737	1.013600	0.004137	1.008934	1.004815	1.005586	1.012872	1.008754
14.714895	1.007048	1.005446	0.001602	1.006622	1.005042	1.005849	1.002006	1.000412
14.751262	1.018247	1.014853	0.003394	1.008728	1.005262	1.006104	1.012925	1.009549
14.787650	1.013030	1.009271	0.003759	1.009258	1.005476	1.006352	1.007520	1.003782
14.824038	1.009454	1.005150	0.004304	1.009972	1.005683	1.006593	1.003755	0.999476
14.860449	0.996640	0.998355	-0.001715	1.004114	1.005884	1.006826	0.990814	0.992518
14.896815	1.004832	1.004785	0.000047	1.006093	1.006078	1.007050	0.998765	0.998718
14.933214	1.000760	1.003646	-0.002885	1.003354	1.006265	1.007267	0.994531	0.997398
14.969604	1.007685	1.004330	0.003355	1.009771	1.006445	1.007476	1.001232	0.997898
15.005992	1.003705	1.004658	-0.000953	1.005630	1.006618	1.007677	0.997104	0.998051
15.042370	1.005344	1.006484	-0.001140	1.005634	1.006784	1.007869	0.998566	0.999699
15.078770	1.007713	1.010731	-0.003018	1.003915	1.006943	1.008054	1.000761	1.003758
15.115147	1.007362	1.009575	-0.002213	1.004871	1.007095	1.008230	1.000260	1.002457
15.151536	1.020093	1.013799	0.006294	1.013570	1.007240	1.008398	1.012755	1.006506
15.187935	1.010882	1.009130	0.001752	1.009092	1.007377	1.008558	1.003472	1.001732
15.224323	1.025543	1.016102	0.009441	1.016999	1.007508	1.008710	1.017892	1.008521
15.260713	1.011673	1.012061	-0.000388	1.007250	1.007632	1.008854	1.004000	1.004386
15.298545	1.012968	1.012277	0.000691	1.008449	1.007754	1.008995	1.005163	1.004477
15.337122	1.009560	1.014018	-0.004458	1.003421	1.007871	1.009131	1.001664	1.006087
15.373512	1.014116	1.015953	-0.001838	1.006163	1.007975	1.009251	1.006080	1.007903
15.409900	1.012686	1.011988	0.000698	1.008802	1.008073	1.009365	1.004563	1.003870
15.446288	1.018217	1.016514	0.001703	1.009935	1.008165	1.009471	1.009957	1.008268
15.482698	1.020752	1.018597	0.002156	1.010473	1.008251	1.009571	1.012385	1.010247
15.519066	1.017843	1.016872	0.000971	1.009323	1.008332	1.009665	1.009418	1.008455
15.555476	1.017866	1.021192	-0.003325	1.005174	1.008408	1.009753	1.009365	1.012662
15.591843	1.017020	1.017834	-0.000814	1.007722	1.008478	1.009835	1.008454	1.009261
15.628243	1.013279	1.012628	0.000652	1.009261	1.008545	1.009912	1.004678	1.004032
15.664653	1.004913	1.009362	-0.004448	1.004204	1.008607	1.009984	0.996322	1.000733
15.701019	1.011498	1.008126	0.003371	1.012063	1.008665	1.010051	1.002792	0.999449
15.738886	1.007845	1.006849	0.000996	1.009713	1.008721	1.010117	0.999114	0.998126
15.777463	1.000809	1.003230	-0.002421	1.006318	1.008776	1.010180	0.992085	0.994485
15.813829	1.011038	1.006346	0.004692	1.013513	1.008824	1.010236	1.002176	0.997525
15.850229	1.006339	1.007599	-0.001260	1.007598	1.008871	1.010290	0.997473	0.998722
15.886607	1.020006	1.012177	0.007830	1.016749	1.008915	1.010341	1.010975	1.003215
15.923006	1.010380	1.010780	-0.000400	1.008580	1.008958	1.010391	1.001391	1.001787
15.962684	1.016440	1.011573	0.004867	1.013895	1.009003	1.010444	1.007352	1.002529
15.999417	1.008408	1.004171	0.004237	1.013250	1.009044	1.010491	0.999350	0.995151
16.035816	1.013568	1.010135	0.003433	1.012516	1.009085	1.010539	1.004423	1.001022
16.072193	1.016687	1.016822	-0.000135	1.009037	1.009126	1.010586	1.007473	1.007607
16.108572	1.011200	1.010402	0.000798	1.009966	1.009168	1.010634	1.001995	1.001204
16.144981	1.008667	1.013322	-0.004655	1.004585	1.009210	1.010684	0.999442	1.004054
16.181358	1.013540	1.011310	0.002230	1.011478	1.009254	1.010735	1.004227	1.002018
16.217749	1.012998	1.012912	0.000086	1.009403	1.009300	1.010788	1.003644	1.003559
16.254126	1.019329	1.016120	0.003209	1.012543	1.009348	1.010844	1.009868	1.006689
16.290537	1.014164	1.020109	-0.005945	1.003525	1.009399	1.010902	1.004701	1.010590
16.326914	1.012343	1.014789	-0.002445	1.007017	1.009452	1.010965	1.002844	1.005266
16.363302	1.015871	1.014835	0.001036	1.010562	1.009509	1.011030	1.006281	1.005255
16.399714	1.026443	1.019688	0.006754	1.016385	1.009570	1.011101	1.016692	1.010002
16.436079	1.025936	1.019328	0.006608	1.016295	1.009634	1.011175	1.016125	1.009580
16.472479	1.024513	1.020791	0.003723	1.013507	1.009703	1.011255	1.014647	1.010960
16.508867	1.012217	1.014385	-0.002168	1.007616	1.009776	1.011340	1.002396	1.004543
16.545267	1.020615	1.022987	-0.002372	1.007612	1.009854	1.011430	1.010634	1.012983
16.581656	1.021552	1.023523	-0.001971	1.008122	1.009937	1.011527	1.011479	1.013430
16.618011	1.011852	1.011103	0.000750	1.010771	1.010025	1.011629	1.001787	1.001045
16.654421	1.008969	1.013552	-0.004584	1.005560	1.010118	1.011737	0.998839	1.003377
16.690800	1.009266	1.009508	-0.000242	1.009990	1.010217	1.011852	0.999035	0.999275
16.727211	1.009907	1.004255	0.005652	1.015930	1.010322	1.011974	0.999566	0.993972
16.763577	1.007975	1.007348	0.000627	1.011045	1.010433	1.012102	0.997544	0.996923
16.799988	1.012834	1.008343	0.004492	1.015020	1.010549	1.012237	1.002237	0.997792
16.836386	1.002281	1.005943	-0.003662	1.006974	1.010671	1.012379	0.991673	0.995296
16.872765	1.016514	1.016718	-0.000203	1.010605	1.010800	1.012527	1.005628	1.005829
16.909121	1.016726	1.014961	0.001765	1.012717	1.010933	1.012683	1.005704	1.003958
16.945530	1.010797	1.017879	-0.007083	1.004014	1.011073	1.012845	0.999700	1.006705
16.981909	1.017931	1.015667	0.002264	1.013494	1.011219	1.013014	1.006611	1.004372
17.019030	1.015428	1.016334	-0.000906	1.010483	1.011373	1.013193	1.003982	1.004878
17.058319	1.017458	1.020301	-0.002843	1.008741	1.011542	1.013389	1.005819	1.008630
17.097996	1.016869	1.017154	-0.000284	1.011452	1.011719	1.013595	1.005061	1.005342
17.134752	1.021522	1.020787	0.000735	1.012687	1.011889	1.013791	1.009490	1.008764
17.171118	1.011168	1.015563	-0.004396	1.007704	1.012061	1.013991	0.999086	1.003430
17.207516	1.016597	1.022092	-0.005495	1.006906	1.012239	1.014197	1.004275	1.009703
17.243906	1.021068	1.025746	-0.004678	1.007950	1.012420	1.014407	1.008510	1.013130
17.280294	1.015050	1.017468	-0.002418	1.010227	1.012605	1.014622	1.002382	1.004769
17.316671	1.018729	1.016800	0.001929	1.014768	1.012793	1.014840	1.005827	1.003922
17.353083	1.014169	1.021207	-0.007039	1.006033	1.012985	1.015063	1.001134	1.008083
17.389460	1.023228	1.021600	0.001628	1.014898	1.013179	1.015288	1.009883	1.008276
17.425859	1.026681	1.023263	0.003418	1.016879	1.013376	1.015516	1.013093	1.009720
17.462227	1.015075	1.015105	-0.000029	1.013585	1.013574	1.015746	1.001445	1.001474
17.498636	1.004686	1.015416	-0.010729	1.003095	1.013774	1.015978	0.990999	1.001583
17.535013	1.011313	1.009381	0.001932	1.015872	1.013974	1.016210	0.997338	0.995433
17.571415	1.004955	1.009590	-0.004635	1.009504	1.014175	1.016443	0.990870	0.995440
17.607792	1.015782	1.015259	0.000523	1.014921	1.014375	1.016675	1.001348	1.000832
17.644201	1.009244	1.011104	-0.001859	1.012685	1.014575	1.016906	0.994707	0.996539
17.680569	1.018857	1.017192	0.001665	1.016443	1.014772	1.017136	1.003984	1.002344
17.716957	1.015738	1.014301	0.001437	1.016402	1.014968	1.017363	1.000716	0.999301
17.753357	1.024654	1.019327	0.005327	1.020550	1.015162	1.017588	1.009308	1.004060
17.789745	1.014113	1.015493	-0.001381	1.013972	1.015352	1.017808	0.998737	1.000096
17.826124	1.017606	1.016332	0.001274	1.016834	1.015538	1.018025	1.001992	1.000738
17.862522	1.015531	1.015919	-0.000388	1.015341	1.015720	1.018236	0.999769	1.000152
17.898890	1.017895	1.017306	0.000590	1.016519	1.015897	1.018441	1.001922	1.001342
17.935644	1.022315	1.024835	-0.002520	1.013650	1.016070	1.018642	1.006100	1.008580
17.975321	1.019359	1.018235	0.001124	1.017402	1.016250	1.018850	1.003012	1.001907
18.011721	1.019904	1.023772	-0.003869	1.012661	1.016408	1.019033	1.003393	1.007199
18.048088	1.016675	1.020590	-0.003914	1.012689	1.016558	1.019207	1.000069	1.003919
18.084488	1.028540	1.026060	0.002480	1.019313	1.016700	1.019372	1.011597	1.009158
18.120876	1.018385	1.021165	-0.002780	1.014098	1.016833	1.019526	1.001478	1.004212
18.157265	1.015426	1.019822	-0.004396	1.012592	1.016957	1.019670	0.998446	1.002769
18.194376	1.022018	1.021249	0.000769	1.017896	1.017074	1.019806	1.004812	1.004056
18.233696	1.027945	1.029264	-0.001320	1.015998	1.017185	1.019935	1.010527	1.011824
18.270063	1.013738	1.020726	-0.006989	1.010350	1.017278	1.020042	0.996470	1.003339
18.306452	1.013302	1.014526	-0.001225	1.016138	1.017359	1.020136	0.995962	0.997166
18.342861	1.010785	1.011980	-0.001196	1.016187	1.017428	1.020216	0.993420	0.994595
18.379251	1.015382	1.013824	0.001558	1.019014	1.017484	1.020282	0.997883	0.996351
18.415651	1.016004	1.016264	-0.000260	1.017269	1.017529	1.020333	0.998450	0.998706
18.452017	1.010692	1.012834	-0.002142	1.015380	1.017560	1.020369	0.993199	0.995304
18.488407	1.011060	1.014113	-0.003053	1.014496	1.017577	1.020390	0.993543	0.996543
18.524796	1.018022	1.020023	-0.002000	1.015597	1.017581	1.020394	1.000381	1.002347
18.561171	1.014014	1.013489	0.000525	1.018063	1.017571	1.020382	0.996452	0.995936
18.597549	1.015766	1.016921	-0.001154	1.016390	1.017546	1.020354	0.998197	0.999332
18.633949	1.019386	1.016660	0.002726	1.020232	1.017507	1.020308	1.001793	0.999114
18.670338	1.024969	1.017418	0.007551	1.025003	1.017453	1.020246	1.007333	0.999912
18.706738	1.013954	1.015789	-0.001835	1.015550	1.017385	1.020166	0.996574	0.998378
18.743135	1.018703	1.020220	-0.001517	1.015830	1.017301	1.020069	1.001325	1.002816
18.779526	1.020333	1.019378	0.000955	1.018188	1.017201	1.019954	1.003025	1.002086
18.815891	1.023892	1.018853	0.005039	1.022166	1.017087	1.019821	1.006636	1.001682
18.852314	1.021782	1.021948	-0.000167	1.016866	1.016957	1.019670	1.004690	1.004854
18.888668	1.029569	1.024248	0.005322	1.022189	1.016812	1.019502	1.012491	1.007258
18.926159	1.020925	1.020360	0.000565	1.017244	1.016647	1.019310	1.004154	1.003598
18.965080	1.020393	1.018542	0.001851	1.018316	1.016458	1.019091	1.003817	1.001996
19.001492	1.019345	1.019672	-0.000327	1.015974	1.016266	1.018868	1.002976	1.003298
19.037868	1.023168	1.018158	0.005010	1.021115	1.016059	1.018628	1.006943	1.002012
19.074268	1.009231	1.009658	-0.000427	1.015369	1.015837	1.018371	0.993444	0.993865
19.110657	1.009334	1.009006	0.000328	1.015882	1.015600	1.018096	0.993777	0.993454
19.147045	1.009853	1.007673	0.002179	1.017494	1.015350	1.017806	0.994533	0.992387
19.183434	1.006631	1.011584	-0.004953	1.010113	1.015085	1.017498	0.991619	0.996498
19.219810	1.004879	1.008891	-0.004012	1.010776	1.014806	1.017175	0.990165	0.994119
19.256199	1.007742	1.009356	-0.001615	1.012873	1.014514	1.016837	0.993272	0.994864
19.292587	1.006674	1.009462	-0.002789	1.011404	1.014209	1.016483	0.992518	0.995267
19.328978	1.011499	1.009295	0.002204	1.016077	1.013892	1.016114	0.997588	0.995414
19.365398	1.012612	1.011943	0.000669	1.014226	1.013561	1.015731	0.999011	0.998351
19.401743	1.019044	1.017350	0.001694	1.014964	1.013220	1.015335	1.005696	1.004024
19.438152	1.014128	1.007641	0.006486	1.019375	1.012867	1.014925	1.001193	0.994790
19.474520	1.012714	1.012300	0.000414	1.012910	1.012503	1.014503	1.000157	0.999748
19.510931	1.008913	1.011619	-0.002706	1.009424	1.012128	1.014069	0.996772	0.999446
19.547318	1.016768	1.011773	0.004995	1.016734	1.011744	1.013623	1.004915	0.999978
19.583719	1.012442	1.015042	-0.002600	1.008743	1.011351	1.013167	1.001029	1.003599
19.620096	1.012845	1.012623	0.000221	1.011157	1.010949	1.012700	1.001826	1.001607
19.656485	1.009942	1.010556	-0.000614	1.009915	1.010538	1.012224	0.999361	0.999968
19.692863	1.010080	1.015333	-0.005253	1.004866	1.010120	1.011739	0.999911	1.005112
19.729252	1.017041	1.014589	0.002451	1.012139	1.009695	1.011246	1.007226	1.004799
19.765650	1.012116	1.016194	-0.004078	1.005183	1.009264	1.010746	1.002779	1.006819
19.802752	1.002280	1.003195	-0.000915	1.007922	1.008818	1.010228	0.993473	0.994380
19.842094	1.005307	1.004434	0.000873	1.009213	1.008339	1.009673	0.996947	0.996081
19.878471	1.005918	1.002768	0.003151	1.011049	1.007891	1.009154	0.997997	0.994871
19.914871	1.004789	1.000211	0.004578	1.012045	1.007439	1.008630	0.997324	0.992780
19.951227	0.995801	0.995939	-0.000138	1.006884	1.006985	1.008103	0.988850	0.988987
19.987637	0.996407	1.000586	-0.004179	1.002390	1.006527	1.007571	0.989902	0.994054
20.024038	1.001112	1.002391	-0.001279	1.004793	1.006067	1.007038	0.995033	0.996303
20.060404	0.997291	1.000699	-0.003408	1.002210	1.005606	1.006503	0.991691	0.995080
20.096813	1.005539	1.006498	-0.000959	1.004158	1.005143	1.005966	1.000354	1.001308
20.133204	1.002744	1.001215	0.001529	1.006215	1.004680	1.005429	0.998033	0.996512
20.169569	0.998537	1.002054	-0.003517	1.000698	1.004218	1.004892	0.994305	0.997808
20.205957	1.000259	0.998814	0.001445	1.005236	1.003756	1.004357	0.996479	0.995040
20.243080	1.006824	1.003142	0.003681	1.006953	1.003285	1.003811	1.003491	0.999822
20.282379	1.000278	1.003008	-0.002730	1.000034	1.002790	1.003236	0.997460	1.000183
20.318779	1.000249	1.001210	-0.000961	1.001358	1.002333	1.002706	0.997888	0.998847
20.355156	1.003812	1.004839	-0.001027	1.000792	1.001879	1.002180	1.001897	1.002922
20.391567	1.007095	1.005559	0.001536	1.002901	1.001428	1.001657	1.005628	1.004095
20.427933	1.002385	1.001722	0.000663	1.001609	1.000982	1.001139	1.001373	1.000711
20.464321	1.004844	1.001143	0.003701	1.004202	1.000539	1.000625	1.004275	1.000576
20.500710	0.996882	1.001282	-0.004399	0.995654	1.000100	1.000116	0.996757	1.001156
20.537100	0.999630	0.998845	0.000785	1.000428	0.999667	0.999614	0.999940	0.999154
20.573488	0.999165	1.001271	-0.002106	0.997068	0.999239	0.999117	0.999905	1.002012
20.614643	0.997064	1.002104	-0.005041	0.993652	0.998761	0.998563	0.998280	1.003327
20.653553	1.002086	1.000973	0.001114	0.999365	0.998317	0.998047	1.003758	1.002642
20.689953	1.009770	1.004777	0.004993	1.002773	0.997907	0.997572	1.011872	1.006868
20.726309	1.000923	0.999122	0.001801	0.999241	0.997505	0.997106	1.003413	1.001607
20.762720	0.996690	0.998080	-0.001390	0.995669	0.997109	0.996646	0.999569	1.000962
20.799097	0.983325	0.990865	-0.007540	0.989216	0.996720	0.996195	0.986551	0.994116
20.835497	0.988158	0.986985	0.001173	0.997652	0.996338	0.995752	0.991782	0.990605
20.884628	0.989720	0.989288	0.000432	0.996324	0.995834	0.995168	0.993856	0.993422
