0.020570	1.008877	0.999666	0.009211	1.007855	0.998650	0.999352	1.010243	1.001019
0.056984	1.003173	0.999744	0.003429	1.002139	0.998715	0.999383	1.004465	1.001031
0.093375	1.011819	1.000411	0.011408	1.010182	0.998782	0.999415	1.013055	1.001633
0.129755	1.006469	1.001188	0.005281	1.004121	0.998848	0.999447	1.007630	1.002343
0.166147	1.006698	1.000498	0.006200	1.005109	0.998916	0.999480	1.007792	1.001585
0.202538	1.005180	1.001261	0.003919	1.002894	0.998984	0.999512	1.006204	1.002281
0.238941	1.003515	1.000928	0.002587	1.001635	0.999052	0.999545	1.004469	1.001879
0.275321	1.003999	1.000860	0.003139	1.002254	0.999121	0.999578	1.004884	1.001742
0.311713	1.012560	1.001217	0.011344	1.010527	0.999190	0.999611	1.013382	1.002030
0.348116	0.993882	1.000619	-0.006737	0.992517	0.999260	0.999645	0.994620	1.001362
0.384495	1.007916	1.001870	0.006046	1.005369	0.999329	0.999678	1.008594	1.002543
0.420898	0.997708	1.000873	-0.003165	0.996233	0.999400	0.999712	0.998309	1.001475
0.457267	0.991043	1.000160	-0.009116	0.990352	0.999470	0.999746	0.991570	1.000691
0.493703	0.999568	1.000695	-0.001127	0.998410	0.999541	0.999780	1.000028	1.001156
0.530083	0.994482	1.001198	-0.006716	0.992894	0.999612	0.999814	0.994869	1.001588
0.566464	0.999267	1.001604	-0.002336	0.997343	0.999683	0.999848	0.999586	1.001923
0.602843	1.008862	1.001439	0.007422	1.007173	0.999754	0.999882	1.009111	1.001687
0.639269	0.999870	1.001252	-0.001383	0.998438	0.999825	0.999916	1.000046	1.001428
0.675638	0.994645	1.001932	-0.007286	0.992605	0.999897	0.999950	0.994749	1.002036
0.712029	0.998498	1.002288	-0.003790	0.996174	0.999968	0.999985	0.998531	1.002321
0.748409	1.003096	1.002509	0.000587	1.000622	1.000039	1.000019	1.003057	1.002470
0.784813	1.004555	1.001860	0.002694	1.002801	1.000111	1.000053	1.004444	1.001750
0.821192	1.002269	1.001821	0.000448	1.000626	1.000182	1.000087	1.002087	1.001639
0.857594	1.004502	1.002550	0.001952	1.002202	1.000254	1.000122	1.004248	1.002296
0.893986	1.006662	1.002326	0.004336	1.004656	1.000325	1.000156	1.006336	1.002001
0.930367	1.001039	1.002032	-0.000993	0.999399	1.000396	1.000190	1.000644	1.001636
0.966769	1.008671	1.002693	0.005978	1.006440	1.000467	1.000224	1.008201	1.002226
1.003161	0.998760	1.002433	-0.003673	0.996861	1.000537	1.000258	0.998224	1.001895
1.043185	1.011749	1.003057	0.008692	1.009304	1.000615	1.000295	1.011128	1.002441
1.079576	1.001624	1.003128	-0.001503	0.999179	1.000685	1.000329	1.000939	1.002442
1.116346	1.002973	1.003176	-0.000203	1.000550	1.000755	1.000363	1.002217	1.002420
1.155993	1.000775	1.001880	-0.001105	0.999723	1.000831	1.000399	0.999944	1.001048
1.192396	0.995880	1.002134	-0.006254	0.994647	1.000900	1.000432	0.994985	1.001233
1.228776	1.006979	1.002780	0.004199	1.005166	1.000969	1.000465	1.006005	1.001810
1.265178	1.000139	1.002043	-0.001904	0.999132	1.001037	1.000498	0.999103	1.001005
1.301581	1.009771	1.002850	0.006921	1.008023	1.001105	1.000530	1.008657	1.001743
1.337984	0.995677	1.003538	-0.007861	0.993309	1.001172	1.000563	0.994512	1.002364
1.376875	1.004198	1.002670	0.001528	1.002769	1.001243	1.000597	1.002951	1.001426
1.414400	0.998190	1.002841	-0.004651	0.996658	1.001311	1.000629	0.996883	1.001528
1.450780	1.002648	1.003436	-0.000789	1.000587	1.001377	1.000661	1.001270	1.002057
1.487183	1.004348	1.003273	0.001075	1.002513	1.001442	1.000692	1.002902	1.001829
1.523564	0.996643	1.003602	-0.006959	0.994543	1.001506	1.000723	0.995144	1.002094
1.559965	0.999448	1.003330	-0.003882	0.997685	1.001569	1.000753	0.997883	1.001759
1.596335	0.999507	1.002327	-0.002819	0.998811	1.001632	1.000783	0.997879	1.000694
1.632749	0.996294	1.003636	-0.007342	0.994352	1.001694	1.000813	0.994609	1.001939
1.669118	1.010798	1.004083	0.006714	1.008470	1.001756	1.000843	1.009026	1.002324
1.705531	1.001849	1.003953	-0.002105	0.999714	1.001816	1.000872	1.000033	1.002133
1.741923	0.998491	1.003958	-0.005467	0.996410	1.001876	1.000900	0.996622	1.002079
1.778326	0.995632	1.003488	-0.007856	0.994078	1.001935	1.000929	0.993710	1.001551
1.814706	0.999979	1.003688	-0.003709	0.998284	1.001993	1.000956	0.997990	1.001692
1.851097	0.998230	1.003720	-0.005490	0.996559	1.002050	1.000984	0.996188	1.001667
1.887478	1.010751	1.004372	0.006379	1.008484	1.002106	1.001011	1.008627	1.002261
1.923891	1.005926	1.004251	0.001675	1.003837	1.002161	1.001037	1.003757	1.002085
1.960271	1.009538	1.004204	0.005334	1.007550	1.002215	1.001063	1.007307	1.001984
1.996663	0.997934	1.004013	-0.006079	0.996190	1.002268	1.001089	0.995676	1.001741
2.033054	1.001592	1.003445	-0.001853	1.000467	1.002321	1.001114	0.999273	1.001122
2.069456	1.004975	1.004811	0.000165	1.002538	1.002372	1.001138	1.002597	1.002433
2.105848	1.003203	1.003948	-0.000744	1.001677	1.002422	1.001162	1.000780	1.001522
2.142227	1.003384	1.004270	-0.000886	1.001585	1.002471	1.001186	1.000911	1.001795
2.178630	1.003617	1.003176	0.000441	1.002959	1.002518	1.001209	1.001096	1.000656
2.215011	1.003765	1.004444	-0.000680	1.001886	1.002565	1.001231	1.001196	1.001874
2.251402	1.009103	1.004052	0.005051	1.007660	1.002611	1.001253	1.006475	1.001438
2.287794	0.999587	1.003469	-0.003881	0.998770	1.002655	1.001274	0.996940	1.000811
2.324185	1.000912	1.003762	-0.002850	0.999846	1.002698	1.001295	0.998219	1.001061
2.360588	1.006669	1.004664	0.002005	1.004746	1.002740	1.001315	1.003918	1.001919
2.396980	1.005944	1.005394	0.000551	1.003335	1.002781	1.001335	1.003154	1.002605
2.433382	1.008061	1.005091	0.002970	1.005792	1.002820	1.001354	1.005226	1.002264
2.469750	1.003869	1.004362	-0.000493	1.002367	1.002858	1.001372	1.001008	1.001499
2.506153	0.997426	1.004617	-0.007191	0.995707	1.002895	1.001390	0.994547	1.001717
2.542535	1.007743	1.005309	0.002435	1.005368	1.002930	1.001407	1.004799	1.002371
2.578947	1.002921	1.005366	-0.002445	1.000525	1.002965	1.001423	0.999956	1.002393
2.615339	1.002665	1.004464	-0.001799	1.001200	1.002998	1.001439	0.999668	1.001462
2.651707	1.003214	1.004720	-0.001507	1.001524	1.003029	1.001454	1.000184	1.001686
2.688133	1.002368	1.005192	-0.002825	1.000238	1.003059	1.001468	0.999310	1.002126
2.724513	1.002261	1.005244	-0.002982	1.000109	1.003088	1.001482	0.999175	1.002149
2.760894	1.005451	1.005029	0.000422	1.003539	1.003115	1.001495	1.002328	1.001907
2.797274	1.002460	1.004772	-0.002311	1.000831	1.003141	1.001508	0.999321	1.001625
2.833676	1.003392	1.004191	-0.000799	1.002367	1.003165	1.001519	1.000225	1.001021
2.870056	1.000156	1.004518	-0.004361	0.998829	1.003189	1.001531	0.996977	1.001324
2.906459	0.999235	1.004232	-0.004997	0.998214	1.003210	1.001541	0.996037	1.001018
2.942850	1.006376	1.005431	0.000945	1.004178	1.003230	1.001551	1.003135	1.002193
2.979231	1.002905	1.003512	-0.000607	1.002639	1.003249	1.001559	0.999657	1.000262
3.015633	1.008054	1.005360	0.002693	1.005963	1.003266	1.001568	1.004771	1.002087
3.052014	1.007506	1.005227	0.002279	1.005564	1.003282	1.001575	1.004209	1.001938
3.088417	1.004940	1.005318	-0.000378	1.002921	1.003296	1.001582	1.001638	1.002014
3.124807	1.006953	1.005162	0.001790	1.005102	1.003309	1.001588	1.003631	1.001847
3.161199	1.009084	1.005191	0.003893	1.007216	1.003320	1.001594	1.005744	1.001864
3.197590	1.005934	1.005061	0.000873	1.004207	1.003330	1.001598	1.002594	1.001724
3.233982	1.008214	1.005042	0.003173	1.006515	1.003338	1.001602	1.004859	1.001697
3.270384	1.002546	1.005169	-0.002622	1.000726	1.003345	1.001606	0.999203	1.001817
3.306764	1.008966	1.004221	0.004745	1.008096	1.003350	1.001608	1.005596	1.000867
3.345701	1.005603	1.004946	0.000657	1.004014	1.003354	1.001610	1.002241	1.001586
3.383203	1.007443	1.004018	0.003425	1.006782	1.003356	1.001611	1.004072	1.000658
3.419583	1.013156	1.004526	0.008630	1.011988	1.003357	1.001611	1.009765	1.001164
3.455986	1.006590	1.004114	0.002475	1.005832	1.003356	1.001611	1.003222	1.000755
3.492345	1.005510	1.004988	0.000522	1.003877	1.003353	1.001609	1.002149	1.001629
3.528758	1.002177	1.004950	-0.002773	1.000578	1.003349	1.001608	0.998831	1.001595
3.565128	1.001396	1.004410	-0.003013	1.000332	1.003343	1.001605	0.998058	1.001061
3.601552	1.003534	1.004564	-0.001030	1.002308	1.003336	1.001601	1.000196	1.001222
3.637965	1.007653	1.005809	0.001844	1.005176	1.003328	1.001597	1.004310	1.002472
3.674357	0.999962	1.003069	-0.003107	1.000207	1.003318	1.001592	0.996655	0.999751
3.711848	1.003547	1.001780	0.001767	1.005071	1.003306	1.001587	1.000239	0.998478
3.750774	1.009904	1.003831	0.006072	1.009365	1.003291	1.001580	1.006589	1.000537
3.787165	1.002208	1.003694	-0.001486	1.001790	1.003277	1.001573	0.998933	1.000415
3.823534	0.999145	1.004683	-0.005538	0.997724	1.003260	1.001565	0.995897	1.001416
3.859936	1.002739	1.004899	-0.002160	1.001083	1.003243	1.001557	0.999496	1.001649
3.896328	1.010896	1.005785	0.005111	1.008339	1.003224	1.001547	1.007647	1.002552
3.932720	1.005196	1.005271	-0.000075	1.003132	1.003203	1.001537	1.001986	1.002060
3.969100	1.006277	1.004678	0.001599	1.004784	1.003181	1.001527	1.003085	1.001491
4.005503	1.009451	1.004557	0.004893	1.008055	1.003157	1.001516	1.006273	1.001395
4.041904	1.009195	1.003708	0.005486	1.008619	1.003132	1.001503	1.006042	1.000573
4.078296	0.998492	1.004814	-0.006322	0.996787	1.003106	1.001491	0.995399	1.001701
4.114687	1.006705	1.004169	0.002535	1.005616	1.003078	1.001477	1.003614	1.001087
4.151068	0.997961	1.004398	-0.006437	0.996615	1.003049	1.001463	0.994926	1.001344
4.187459	1.011122	1.004179	0.006943	1.009964	1.003018	1.001449	1.008078	1.001156
4.223862	1.007704	1.003760	0.003944	1.006931	1.002986	1.001433	1.004702	1.000770
4.260231	1.004811	1.004918	-0.000107	1.002849	1.002953	1.001417	1.001851	1.001958
4.296644	0.998920	1.005196	-0.006276	0.996647	1.002918	1.001401	0.996012	1.002270
4.335926	1.002475	1.003865	-0.001390	1.001491	1.002880	1.001382	0.999596	1.000981
4.373072	1.008496	1.004775	0.003721	1.006565	1.002841	1.001364	1.005637	1.001926
4.409430	1.006421	1.004358	0.002063	1.004868	1.002803	1.001345	1.003607	1.001549
4.445855	1.010776	1.004980	0.005796	1.008561	1.002763	1.001326	1.007990	1.002210
4.482224	1.004807	1.004703	0.000104	1.002827	1.002721	1.001306	1.002078	1.001975
4.518626	1.007030	1.004820	0.002210	1.004890	1.002679	1.001286	1.004338	1.002134
4.555029	1.002274	1.004562	-0.002288	1.000349	1.002635	1.001265	0.999638	1.001920
4.591409	1.006160	1.003938	0.002222	1.004810	1.002591	1.001243	1.003558	1.001342
4.627812	1.000595	1.002265	-0.001670	1.000870	1.002544	1.001221	0.998054	0.999720
4.664204	1.011479	1.003932	0.007547	1.010043	1.002497	1.001199	1.008958	1.001430
4.700561	1.009307	1.004858	0.004449	1.006902	1.002449	1.001176	1.006840	1.002402
4.736975	1.006468	1.005011	0.001457	1.003860	1.002400	1.001152	1.004057	1.002604
4.773355	1.012108	1.004631	0.007477	1.009830	1.002349	1.001128	1.009734	1.002275
4.809758	0.998541	1.004207	-0.005666	0.996638	1.002298	1.001103	0.996251	1.001904
4.846126	1.004186	1.004490	-0.000305	1.001944	1.002245	1.001078	1.001935	1.002239
4.882552	1.004406	1.003393	0.001013	1.003209	1.002191	1.001052	1.002208	1.001198
4.918921	1.004908	1.004398	0.000510	1.002649	1.002137	1.001026	1.002764	1.002255
4.955324	1.002045	1.004160	-0.002115	0.999971	1.002081	1.000999	0.999962	1.002073
4.991715	1.002161	1.004286	-0.002125	0.999901	1.002024	1.000972	1.000135	1.002256
5.028107	1.005214	1.004445	0.000770	1.002740	1.001967	1.000944	1.003240	1.002472
5.064487	1.003980	1.004507	-0.000527	1.001384	1.001909	1.000916	1.002066	1.002592
5.100900	1.006321	1.004378	0.001943	1.003794	1.001849	1.000888	1.004462	1.002523
5.137293	1.002836	1.003632	-0.000796	1.000994	1.001789	1.000859	1.001043	1.001838
5.173672	1.007349	1.003224	0.004125	1.005854	1.001729	1.000830	1.005609	1.001492
5.210063	1.009040	1.003601	0.005439	1.007106	1.001667	1.000800	1.007360	1.001929
5.246455	0.996494	1.003500	-0.007005	0.994599	1.001604	1.000770	0.994897	1.001891
5.282857	1.008695	1.002900	0.005795	1.007337	1.001541	1.000740	1.007142	1.001355
5.319249	0.994351	1.003146	-0.008795	0.992681	1.001477	1.000709	0.992883	1.001664
5.355640	1.000619	1.002792	-0.002173	0.999239	1.001413	1.000678	0.999206	1.001376
5.392032	1.005064	1.003232	0.001832	1.003178	1.001348	1.000647	1.003710	1.001880
5.428424	1.002031	1.003540	-0.001509	0.999773	1.001282	1.000615	1.000747	1.002254
5.464859	1.007158	1.002437	0.004721	1.005936	1.001216	1.000584	1.005934	1.001219
5.501205	1.003867	1.002435	0.001432	1.002580	1.001149	1.000551	1.002713	1.001284
5.537609	1.001772	1.003556	-0.001784	0.999298	1.001081	1.000519	1.000689	1.002470
5.573988	0.998508	1.003520	-0.005011	0.996004	1.001014	1.000486	0.997496	1.002503
5.610392	1.004129	1.001805	0.002324	1.003273	1.000945	1.000454	1.003180	1.000858
5.646794	1.002125	1.002041	0.000084	1.000960	1.000876	1.000421	1.001247	1.001162
5.683908	1.008668	1.000949	0.007719	1.008524	1.000806	1.000387	1.007855	1.000142
5.723210	0.995078	1.001487	-0.006409	0.994321	1.000731	1.000351	0.994351	1.000755
5.759602	0.998177	1.001375	-0.003198	0.997461	1.000661	1.000317	0.997517	1.000713
5.796004	0.997562	1.001654	-0.004092	0.996497	1.000591	1.000283	0.996972	1.001062
5.832374	1.002415	0.999070	0.003345	1.003865	1.000520	1.000250	1.001893	0.998550
5.868766	1.006224	0.999555	0.006669	1.007119	1.000449	1.000216	1.005771	0.999105
5.905156	0.996949	1.000068	-0.003119	0.997259	1.000378	1.000182	0.996571	0.999688
5.941548	1.001445	1.000172	0.001274	1.001581	1.000307	1.000148	1.001137	0.999863
5.977961	1.005256	1.001523	0.003732	1.003967	1.000236	1.000113	1.005017	1.001286
6.014341	1.005018	0.999691	0.005327	1.005493	1.000165	1.000079	1.004851	0.999525
6.050722	0.992763	1.000787	-0.008024	0.992068	1.000093	1.000045	0.992669	1.000692
6.087102	0.998053	1.001118	-0.003064	0.996955	1.000022	1.000011	0.998030	1.001095
6.123516	0.998557	0.998820	-0.000263	0.999689	0.999951	0.999976	0.998606	0.998869
6.159896	0.994326	0.997232	-0.002907	0.996978	0.999879	0.999942	0.994445	0.997352
6.196310	1.000294	1.001037	-0.000743	0.999062	0.999808	0.999908	1.000486	1.001229
6.232690	0.997434	1.000456	-0.003023	0.996712	0.999736	0.999873	0.997696	1.000719
6.269082	1.002578	1.000758	0.001821	1.001483	0.999665	0.999839	1.002913	1.001092
6.305450	1.007082	1.000266	0.006816	1.006408	0.999594	0.999805	1.007490	1.000671
6.341876	0.993946	0.998782	-0.004836	0.994685	0.999523	0.999771	0.994419	0.999258
6.378234	0.998641	1.000434	-0.001793	0.997656	0.999453	0.999737	0.999187	1.000982
6.414637	0.999520	0.999800	-0.000280	0.999100	0.999382	0.999704	1.000137	1.000417
6.451016	0.993874	0.999512	-0.005638	0.993671	0.999312	0.999670	0.994557	1.000199
6.487420	1.005728	0.999455	0.006273	1.005513	0.999242	0.999636	1.006490	1.000212
6.523811	0.997369	0.999874	-0.002505	0.996665	0.999173	0.999603	0.998194	1.000701
6.560213	1.006936	1.000416	0.006521	1.005620	0.999104	0.999570	1.007839	1.001312
6.596594	0.992875	0.999829	-0.006953	0.992079	0.999035	0.999537	0.993834	1.000793
6.632985	0.996074	0.997579	-0.001504	0.997465	0.998967	0.999504	0.997103	0.998609
6.669364	1.005697	0.999028	0.006669	1.005566	0.998899	0.999472	1.006805	1.000128
6.705779	0.991934	0.998827	-0.006894	0.991938	0.998832	0.999439	0.993093	0.999995
6.742148	1.002993	0.997864	0.005129	1.003895	0.998765	0.999407	1.004232	0.999097
6.778550	1.000250	0.999882	0.000368	0.999062	0.998699	0.999376	1.001552	1.001184
6.814943	1.001044	0.998418	0.002625	1.001259	0.998634	0.999344	1.002413	0.999784
6.851334	0.994918	0.997043	-0.002125	0.996448	0.998569	0.999313	0.996344	0.998472
6.887714	0.993535	0.995727	-0.002192	0.996321	0.998504	0.999282	0.995023	0.997218
6.924117	0.994531	0.997027	-0.002496	0.995949	0.998441	0.999252	0.996084	0.998584
6.960506	0.996051	0.998513	-0.002462	0.995915	0.998378	0.999221	0.997669	1.000135
6.996899	0.996675	0.997961	-0.001286	0.997030	0.998316	0.999191	0.998356	0.999644
7.033291	0.993754	0.998936	-0.005182	0.993069	0.998254	0.999162	0.995492	1.000683
7.069693	0.994988	0.999555	-0.004567	0.993621	0.998194	0.999133	0.996789	1.001364
7.106062	0.994859	0.999079	-0.004220	0.993909	0.998134	0.999104	0.996719	1.000947
7.142464	0.999574	0.999081	0.000493	0.998563	0.998075	0.999076	1.001502	1.001008
7.178856	1.001761	0.997904	0.003857	1.001872	0.998017	0.999048	1.003751	0.999887
7.215259	1.001630	0.999403	0.002227	1.000180	0.997959	0.999021	1.003678	1.001446
7.251639	1.002799	0.997039	0.005760	1.003665	0.997903	0.998994	1.004907	0.999134
7.288030	0.990635	0.997117	-0.006483	0.991366	0.997848	0.998967	0.992771	0.999268
7.324433	0.997384	0.997128	0.000256	0.998051	0.997793	0.998941	0.999590	0.999333
7.360824	0.996920	0.996392	0.000528	0.998272	0.997740	0.998915	0.999178	0.998649
7.397226	0.997501	0.998802	-0.001301	0.996381	0.997688	0.998890	0.999813	1.001117
7.433596	0.995159	0.997259	-0.002101	0.995536	0.997637	0.998866	0.997517	0.999622
7.469999	1.002237	0.998789	0.003449	1.001028	0.997586	0.998841	1.004662	1.001205
7.506390	0.992222	0.996168	-0.003946	0.993595	0.997537	0.998818	0.994672	0.998627
7.542782	0.997886	0.997608	0.000278	0.997765	0.997489	0.998795	1.000398	1.000119
7.579161	0.990409	0.996336	-0.005927	0.991518	0.997442	0.998772	0.992949	0.998891
7.615541	0.997708	0.996117	0.001590	0.998991	0.997397	0.998750	1.000312	0.998718
7.651956	0.999882	0.996973	0.002909	1.000261	0.997352	0.998729	1.002537	0.999620
7.688336	1.000152	0.996341	0.003811	1.001122	0.997309	0.998708	1.002851	0.999030
7.724727	0.998296	0.997912	0.000384	0.997646	0.997267	0.998688	1.001032	1.000647
7.761119	1.003414	0.997909	0.005506	1.002727	0.997226	0.998668	1.006206	1.000685
7.797510	1.006054	0.998761	0.007292	1.004471	0.997186	0.998649	1.008893	1.001580
7.833901	1.001143	0.998101	0.003042	1.000183	0.997148	0.998631	1.004007	1.000957
7.870294	0.992739	0.997021	-0.004282	0.992826	0.997111	0.998613	0.995616	0.999910
7.906695	0.997457	0.998900	-0.001443	0.995623	0.997075	0.998596	1.000383	1.001830
7.943075	0.995628	0.997438	-0.001810	0.995227	0.997041	0.998580	0.998584	1.000399
7.979456	0.991811	0.996597	-0.004785	0.992222	0.997008	0.998564	0.994789	0.999588
8.015869	0.992721	0.995699	-0.002978	0.994001	0.996976	0.998549	0.995732	0.998720
8.052238	0.996773	0.996781	-0.000008	0.996936	0.996946	0.998534	0.999828	0.999836
8.088653	1.007551	0.997456	0.010095	1.007007	0.996917	0.998520	1.010667	1.000542
8.125033	0.995066	0.996419	-0.001353	0.995536	0.996889	0.998507	0.998172	0.999529
8.161447	0.995364	0.996751	-0.001387	0.995475	0.996863	0.998494	0.998497	0.999889
8.197804	1.000843	0.995953	0.004890	1.001731	0.996838	0.998482	1.004018	0.999113
8.234219	0.997492	0.995487	0.002006	0.998826	0.996815	0.998471	1.000680	0.998668
8.270609	0.998901	0.995989	0.002912	0.999707	0.996793	0.998461	1.002116	0.999194
8.306990	0.994950	0.997263	-0.002313	0.994455	0.996773	0.998451	0.998172	1.000493
8.343392	0.998031	0.994263	0.003767	1.000532	0.996754	0.998442	1.001282	0.997502
8.379785	0.992787	0.996091	-0.003304	0.993432	0.996736	0.998433	0.996039	0.999354
8.418731	0.991744	0.996198	-0.004454	0.992265	0.996719	0.998425	0.995009	0.999478
8.456212	0.999594	0.996589	0.003005	0.999708	0.996705	0.998418	1.002900	0.999885
8.492592	0.997738	0.995277	0.002461	0.999157	0.996692	0.998412	1.001051	0.998581
8.528983	0.993623	0.995680	-0.002057	0.994625	0.996680	0.998407	0.996934	0.998997
8.565375	0.988491	0.996503	-0.008012	0.988655	0.996671	0.998402	0.991794	0.999833
8.601778	0.988828	0.994799	-0.005971	0.990698	0.996662	0.998398	0.992140	0.998131
8.638157	0.995949	0.997332	-0.001383	0.995266	0.996655	0.998395	0.999292	1.000680
8.674560	0.995414	0.994955	0.000459	0.997116	0.996650	0.998392	0.998761	0.998301
8.710951	0.999371	0.996527	0.002844	0.999488	0.996646	0.998390	1.002734	0.999881
8.747332	0.998853	0.994800	0.004053	1.000705	0.996644	0.998389	1.002217	0.998150
8.783712	0.994826	0.996157	-0.001331	0.995313	0.996643	0.998389	0.998178	0.999513
8.820137	0.994172	0.995990	-0.001818	0.994827	0.996644	0.998389	0.997521	0.999345
8.856506	0.996753	0.994897	0.001856	0.998509	0.996646	0.998390	1.000108	0.998246
8.892920	0.990933	0.996234	-0.005301	0.991349	0.996650	0.998392	0.994264	0.999584
8.929300	0.997102	0.996630	0.000472	0.997125	0.996656	0.998395	1.000449	0.999976
8.965702	0.986115	0.997274	-0.011159	0.985498	0.996662	0.998398	0.989418	1.000614
9.002083	0.998049	0.994352	0.003698	1.000378	0.996671	0.998402	1.001384	0.997674
9.038474	0.984902	0.992549	-0.007647	0.989053	0.996681	0.998407	0.988183	0.995855
9.074843	0.991555	0.993642	-0.002088	0.994619	0.996692	0.998412	0.994847	0.996941
9.111257	0.996793	0.994808	0.001984	0.998697	0.996705	0.998418	1.000089	0.998098
9.147660	0.998600	0.996278	0.002322	0.999040	0.996719	0.998425	1.001888	0.999559
9.184039	0.996835	0.998050	-0.001215	0.995512	0.996735	0.998433	1.000102	1.001321
9.220409	1.001928	0.995573	0.006355	1.003107	0.996753	0.998441	1.005193	0.998818
9.256845	0.993538	0.995412	-0.001873	0.994901	0.996771	0.998450	0.996758	0.998637
9.293214	0.996260	0.996322	-0.000062	0.996728	0.996792	0.998460	0.999468	0.999530
9.329617	0.993247	0.995349	-0.002102	0.994711	0.996813	0.998470	0.996424	0.998532
9.365985	0.999965	0.995074	0.004891	1.001732	0.996836	0.998482	1.003140	0.998233
9.402411	1.001119	0.996502	0.004617	1.001477	0.996861	0.998493	1.004273	0.999641
9.438780	0.994999	0.996460	-0.001462	0.995424	0.996887	0.998506	0.998107	0.999573
9.475193	0.997795	0.996767	0.001028	0.997941	0.996915	0.998519	1.000885	0.999854
9.511562	0.992542	0.995851	-0.003309	0.993636	0.996943	0.998533	0.995586	0.998905
9.547977	0.996797	0.997847	-0.001051	0.995916	0.996974	0.998547	0.999824	1.000878
9.584356	0.991759	0.996157	-0.004397	0.992610	0.997005	0.998563	0.994740	0.999150
9.620748	0.995224	0.995315	-0.000090	0.996954	0.997038	0.998578	0.998182	0.998273
9.657151	0.999007	0.994077	0.004930	1.002015	0.997072	0.998595	1.001942	0.996997
9.693531	0.990215	0.994348	-0.004132	0.992987	0.997108	0.998612	0.993089	0.997233
9.729933	0.994246	0.993494	0.000751	0.997912	0.997145	0.998630	0.997094	0.996340
9.766314	0.993228	0.995956	-0.002728	0.994458	0.997183	0.998648	0.996035	0.998771
9.802716	0.995176	0.993790	0.001386	0.998623	0.997223	0.998667	0.997949	0.996559
9.839096	0.992536	0.994787	-0.002251	0.995021	0.997263	0.998686	0.995261	0.997518
9.875487	0.992054	0.994416	-0.002362	0.994955	0.997306	0.998707	0.994736	0.997104
9.911891	0.996316	0.996453	-0.000136	0.997214	0.997349	0.998727	0.998966	0.999103
9.948281	0.998119	0.996808	0.001311	0.998703	0.997393	0.998749	1.000729	0.999415
9.984685	1.001518	0.998694	0.002824	1.000255	0.997439	0.998771	1.004091	1.001259
10.021053	0.993977	0.995459	-0.001482	0.996004	0.997486	0.998793	0.996484	0.997970
10.057467	0.993416	0.995672	-0.002256	0.995280	0.997534	0.998816	0.995874	0.998135
10.093847	0.999810	0.997579	0.002230	0.999808	0.997582	0.998840	1.002234	0.999998
10.130229	0.995217	0.996999	-0.001782	0.995850	0.997633	0.998864	0.997580	0.999366
10.166631	0.998780	0.998660	0.000120	0.997797	0.997684	0.998888	1.001100	1.000980
10.203022	1.000254	0.995792	0.004462	1.002203	0.997736	0.998913	1.002525	0.998053
10.242680	0.995112	0.996121	-0.001009	0.996789	0.997794	0.998941	0.997313	0.998324
10.279438	1.003369	0.996469	0.006900	1.004752	0.997849	0.998968	1.005533	0.998618
10.315841	0.990231	0.996487	-0.006256	0.991652	0.997904	0.998994	0.992312	0.998581
10.352210	0.996271	0.997636	-0.001365	0.996594	0.997961	0.999021	0.998308	0.999676
10.388623	0.992786	0.994016	-0.001230	0.996802	0.998018	0.999049	0.994759	0.995991
10.425014	0.992877	0.996131	-0.003254	0.994827	0.998076	0.999076	0.994792	0.998052
10.461407	0.995544	0.996015	-0.000470	0.997670	0.998135	0.999105	0.997406	0.997877
10.497775	0.995689	0.995506	0.000183	0.998384	0.998195	0.999134	0.997491	0.997307
10.534189	1.001890	0.995261	0.006628	1.004892	0.998256	0.999163	1.003642	0.997002
10.570570	0.997217	0.993685	0.003532	1.001865	0.998317	0.999192	0.998899	0.995361
10.606961	0.995767	0.994958	0.000809	0.999198	0.998379	0.999222	0.997385	0.996574
10.643353	1.003737	0.996680	0.007057	1.005503	0.998442	0.999252	1.005304	0.998236
10.679744	1.001790	0.995585	0.006205	1.004718	0.998506	0.999283	1.003290	0.997076
10.716147	0.988142	0.997563	-0.009421	0.989150	0.998570	0.999314	0.989558	0.998992
10.752527	1.001758	0.999652	0.002106	1.000736	0.998635	0.999345	1.003128	1.001019
10.788906	0.995145	0.998584	-0.003439	0.995259	0.998701	0.999376	0.996441	0.999885
10.825310	1.002096	0.999098	0.002998	1.001761	0.998767	0.999408	1.003334	1.000333
10.864979	0.999388	0.999373	0.000016	0.998851	0.998840	0.999443	1.000551	1.000535
10.901748	0.996732	1.000053	-0.003322	0.995580	0.998908	0.999476	0.997823	1.001148
10.938129	0.999267	0.998973	0.000295	0.999268	0.998975	0.999508	1.000293	0.999998
10.974520	0.995487	0.999459	-0.003973	0.995068	0.999044	0.999541	0.996441	1.000417
11.010889	0.995515	0.997843	-0.002328	0.996785	0.999112	0.999574	0.996400	0.998731
11.047302	0.999590	0.999889	-0.000299	0.998879	0.999182	0.999607	1.000410	1.000709
11.083683	0.999417	0.998778	0.000639	0.999889	0.999251	0.999640	1.000167	0.999528
11.120096	0.998456	0.999542	-0.001086	0.998232	0.999321	0.999674	0.999136	1.000222
11.156510	0.990145	0.998586	-0.008441	0.990950	0.999391	0.999708	0.990749	0.999195
11.193956	0.994842	0.999015	-0.004173	0.995288	0.999463	0.999743	0.995377	0.999552
11.232904	1.003102	0.997302	0.005800	1.005343	0.999539	0.999779	1.003566	0.997763
11.269297	1.001918	0.999833	0.002086	1.001693	0.999610	0.999813	1.002310	1.000224
11.305676	1.001850	0.994546	0.007304	1.006994	0.999681	0.999847	1.002170	0.994864
11.342068	1.003058	0.995906	0.007152	1.006910	0.999752	0.999881	1.003308	0.996154
11.378470	0.996579	0.995530	0.001049	1.000880	0.999824	0.999915	0.996756	0.995707
11.414862	0.997380	0.995981	0.001399	1.001300	0.999895	0.999950	0.997486	0.996087
11.451231	0.993160	0.997621	-0.004461	0.995508	0.999966	0.999984	0.993195	0.997655
11.487644	0.985397	0.995825	-0.010429	0.989614	1.000038	1.000018	0.985360	0.995788
11.524014	1.002484	0.995541	0.006943	1.007056	1.000109	1.000052	1.002375	0.995433
11.560438	0.996073	0.998267	-0.002194	0.997988	1.000181	1.000087	0.995894	0.998087
11.596807	0.996798	1.000661	-0.003863	0.996386	1.000252	1.000121	0.996547	1.000410
11.633199	1.014160	1.000229	0.013930	1.014251	1.000323	1.000155	1.013833	0.999907
11.669590	0.997879	1.001334	-0.003455	0.996936	1.000394	1.000189	0.997487	1.000940
11.705982	0.993630	0.998848	-0.005218	0.995248	1.000465	1.000223	0.993168	0.998384
11.742373	1.001820	0.998069	0.003751	1.004289	1.000536	1.000257	1.001284	0.997535
11.778765	1.001752	0.999812	0.001940	1.002545	1.000606	1.000291	1.001146	0.999207
11.815156	0.997202	0.998581	-0.001379	0.999298	1.000676	1.000325	0.996528	0.997906
11.851559	0.997666	0.995641	0.002025	1.002775	1.000746	1.000358	0.996922	0.994899
11.887950	0.995341	0.997580	-0.002239	0.998578	1.000816	1.000392	0.994530	0.996767
11.924342	0.997855	0.994735	0.003121	1.004011	1.000885	1.000425	0.996974	0.993856
11.960721	0.994542	0.999299	-0.004757	0.996197	1.000954	1.000458	0.993595	0.998347
11.997125	0.995452	0.997101	-0.001649	0.999376	1.001022	1.000491	0.994437	0.996084
12.033494	0.993102	0.997734	-0.004633	0.996458	1.001090	1.000523	0.992021	0.996649
12.069908	1.001945	0.995712	0.006233	1.007391	1.001157	1.000555	1.000788	0.994562
12.106286	0.991826	0.994742	-0.002916	0.998313	1.001224	1.000587	0.990614	0.993526
12.142691	0.989861	0.996037	-0.006176	0.995116	1.001290	1.000619	0.988586	0.994754
12.179070	1.000702	1.000067	0.000635	1.001989	1.001356	1.000651	0.999347	0.998713
12.215484	1.000596	0.998924	0.001671	1.003091	1.001421	1.000682	0.999176	0.997507
12.251853	0.999123	0.999076	0.000047	1.001532	1.001485	1.000713	0.997641	0.997594
12.288245	1.002040	1.000004	0.002035	1.003583	1.001549	1.000744	1.000490	0.998458
12.324636	0.995599	0.999831	-0.004232	0.997377	1.001612	1.000774	0.993997	0.998222
12.361028	1.011807	0.999166	0.012641	1.014315	1.001674	1.000804	1.010116	0.997496
12.397408	1.000914	1.001984	-0.001070	1.000664	1.001736	1.000833	0.999180	1.000248
12.433822	0.998743	1.000873	-0.002130	0.999665	1.001797	1.000862	0.996952	0.999078
12.470202	1.006494	1.002178	0.004316	1.006171	1.001857	1.000891	1.004628	1.000321
12.506615	0.999897	1.002115	-0.002218	0.999696	1.001916	1.000920	0.997985	1.000199
12.542984	1.002347	1.000807	0.001539	1.003512	1.001974	1.000948	1.000372	0.998836
12.579375	0.999805	1.000722	-0.000917	1.001113	1.002031	1.000975	0.997778	0.998693
12.615779	1.001763	0.998292	0.003472	1.005558	1.002088	1.001002	0.999676	0.996212
12.652159	0.995275	1.001750	-0.006475	0.995667	1.002143	1.001029	0.993147	0.999608
12.688539	1.000800	0.996070	0.004729	1.006925	1.002198	1.001055	0.998605	0.993886
12.724942	0.992319	0.999237	-0.006918	0.995331	1.002251	1.001081	0.990089	0.996992
12.761344	0.994876	0.994159	0.000717	1.003018	1.002304	1.001106	0.992589	0.991874
12.797724	0.999050	0.999500	-0.000449	1.001902	1.002355	1.001131	0.996703	0.997151
12.834138	0.995661	0.997929	-0.002268	1.000134	1.002406	1.001155	0.993272	0.995534
12.870529	1.000450	0.994529	0.005922	1.008373	1.002455	1.001178	0.998000	0.992093
12.906898	0.998030	0.997922	0.000108	1.002609	1.002503	1.001202	0.995538	0.995430
12.946935	0.993883	0.996152	-0.002269	1.000283	1.002555	1.001226	0.991350	0.993613
12.983315	0.993752	0.993456	0.000296	1.002892	1.002601	1.001248	0.991174	0.990879
13.019717	1.002665	0.997491	0.005174	1.007814	1.002645	1.001270	1.000020	0.994859
13.056098	0.994796	0.990841	0.003954	1.006635	1.002689	1.001290	0.992128	0.988184
13.092524	0.994633	0.995171	-0.000538	1.002186	1.002731	1.001311	0.991924	0.992461
13.128891	0.996767	0.997144	-0.000377	1.002390	1.002772	1.001330	0.994012	0.994387
13.165318	1.001521	0.997976	0.003545	1.006353	1.002811	1.001349	0.998713	0.995178
13.201686	0.995899	0.999338	-0.003439	0.999408	1.002850	1.001368	0.993069	0.996498
13.239532	1.004954	1.001276	0.003678	1.006564	1.002888	1.001386	1.002059	0.998392
13.278113	1.000046	0.999604	0.000441	1.003363	1.002926	1.001405	0.997127	0.996687
13.314494	0.999442	1.001216	-0.001774	1.001181	1.002961	1.001421	0.996491	0.998260
13.350897	0.994698	1.000373	-0.005676	0.997314	1.002994	1.001437	0.991728	0.997387
13.387277	1.000396	0.997403	0.002993	1.006013	1.003025	1.001452	0.997379	0.994394
13.423678	0.991694	0.998590	-0.006897	0.996154	1.003055	1.001467	0.988672	0.995548
13.460060	0.996746	0.995232	0.001514	1.004592	1.003084	1.001480	0.993681	0.992171
13.496463	0.994451	0.999010	-0.004559	0.998548	1.003112	1.001494	0.991365	0.995910
13.532844	0.998401	0.997459	0.000942	1.004074	1.003138	1.001506	0.995277	0.994338
13.569267	0.992410	0.993817	-0.001408	1.001745	1.003163	1.001518	0.989280	0.990683
13.605647	0.997644	0.995722	0.001923	1.005100	1.003186	1.001529	0.994475	0.992559
13.642028	0.998342	0.998828	-0.000486	1.002716	1.003208	1.001540	0.995149	0.995634
13.678420	0.999070	0.998309	0.000761	1.003984	1.003228	1.001549	0.995854	0.995096
13.714833	0.987990	0.995120	-0.007130	0.996108	1.003247	1.001558	0.984792	0.991899
13.751213	0.989339	0.990794	-0.001455	1.001794	1.003264	1.001567	0.986119	0.987570
13.800325	0.993344	0.997948	-0.004604	0.998675	1.003285	1.001577	0.990091	0.994679
15.228016	1.008523	1.003970	0.004553	1.005860	1.002715	1.001303	1.007210	1.002662
15.264397	0.998893	1.000861	-0.001968	0.999310	1.002672	1.001283	0.997613	0.999579
15.304433	1.005839	1.002508	0.003331	1.004591	1.002624	1.001259	1.004573	1.001247
15.340814	1.009229	1.002741	0.006488	1.007728	1.002579	1.001238	1.007980	1.001500
15.377205	0.997564	1.003508	-0.005944	0.995275	1.002532	1.001216	0.996353	1.002289
15.413607	1.008172	1.003898	0.004275	1.005469	1.002485	1.001193	1.006970	1.002701
15.449998	1.009586	1.001872	0.007713	1.008883	1.002436	1.001169	1.008406	1.000701
15.486367	1.007362	1.002360	0.005003	1.006149	1.002387	1.001146	1.006209	1.001212
15.522781	0.991488	1.000798	-0.009310	0.991808	1.002336	1.001121	0.990377	0.999676
15.559183	1.003153	1.002920	0.000232	1.001329	1.002284	1.001096	1.002053	1.001821
15.595552	1.003821	1.003172	0.000649	1.001721	1.002231	1.001071	1.002747	1.002099
15.631955	1.001683	1.004166	-0.002483	0.998563	1.002177	1.001045	1.000637	1.003117
15.668346	1.004102	1.005930	-0.001827	0.999194	1.002122	1.001019	1.003080	1.004905
15.704749	1.005971	1.006151	-0.000180	1.000819	1.002066	1.000992	1.004974	1.005154
15.741130	1.000507	1.003729	-0.003223	0.997744	1.002010	1.000965	0.999542	1.002762
15.777498	0.998573	1.005678	-0.007105	0.993838	1.001952	1.000937	0.997638	1.004736
15.813901	1.006073	1.003468	0.002605	1.003518	1.001893	1.000909	1.005159	1.002556
15.850282	0.997923	1.004543	-0.006620	0.994265	1.001834	1.000880	0.997045	1.003659
15.886684	0.999367	1.002365	-0.002997	0.997857	1.001774	1.000851	0.998517	1.001511
15.923099	1.001647	1.002949	-0.001302	0.999522	1.001713	1.000822	1.000824	1.002125
15.959478	1.000515	1.002666	-0.002151	0.998644	1.001651	1.000792	0.999722	1.001872
15.995870	1.005686	1.001974	0.003712	1.004476	1.001588	1.000762	1.004920	1.001210
16.032261	0.995394	1.000557	-0.005163	0.995570	1.001525	1.000732	0.994665	0.999825
16.068642	1.003660	1.002518	0.001142	1.001845	1.001461	1.000701	1.002956	1.001815
16.105043	1.003412	1.002103	0.001309	1.001981	1.001396	1.000670	1.002739	1.001431
16.141424	1.002201	1.001649	0.000552	1.001192	1.001331	1.000639	1.001561	1.001009
16.177837	1.002799	1.002162	0.000636	1.001244	1.001265	1.000607	1.002190	1.001554
16.214209	0.994033	1.001755	-0.007722	0.992854	1.001199	1.000575	0.993461	1.001178
16.250631	1.004449	1.001568	0.002881	1.003424	1.001132	1.000543	1.003903	1.001024
16.286989	1.002423	1.002020	0.000403	1.000915	1.001064	1.000511	1.001911	1.001508
16.323393	0.996247	1.001724	-0.005477	0.995002	1.000996	1.000478	0.995771	1.001245
16.359783	1.003534	1.002168	0.001366	1.001813	1.000927	1.000445	1.003087	1.001721
16.396187	0.999181	1.002402	-0.003221	0.997192	1.000859	1.000412	0.998769	1.001989
16.432568	1.005689	1.002592	0.003097	1.003477	1.000789	1.000379	1.005308	1.002212
16.468992	1.004768	1.002107	0.002661	1.003008	1.000720	1.000345	1.004421	1.001760
16.505383	1.010424	1.003163	0.007260	1.007575	1.000650	1.000312	1.010108	1.002850
16.541763	0.997669	1.002615	-0.004946	0.995335	1.000579	1.000278	0.997391	1.002335
16.578165	0.999841	1.001596	-0.001755	0.998491	1.000509	1.000244	0.999596	1.001351
16.614557	1.002113	1.002338	-0.000225	0.999987	1.000438	1.000210	1.001902	1.002127
16.650970	1.002910	1.001591	0.001319	1.001497	1.000367	1.000176	1.002733	1.001414
16.687351	1.001782	1.002507	-0.000726	0.999419	1.000296	1.000142	1.001639	1.002364
16.723730	1.005667	1.002265	0.003403	1.003513	1.000225	1.000108	1.005558	1.002156
16.760111	1.005296	1.000786	0.004511	1.004586	1.000154	1.000074	1.005222	1.000712
16.796515	1.016291	0.999268	0.017024	1.017063	1.000082	1.000039	1.016251	0.999228
16.832905	0.984043	1.001010	-0.016967	0.983040	1.000011	1.000005	0.984037	1.001004
16.869308	0.995933	0.999402	-0.003469	0.996503	0.999939	0.999971	0.995962	0.999431
16.905666	1.014206	1.001842	0.012364	1.012301	0.999868	0.999937	1.014270	1.001906
16.943546	0.999793	1.001108	-0.001315	0.998587	0.999794	0.999901	0.999891	1.001206
16.982117	1.000789	1.000430	0.000359	1.000225	0.999718	0.999865	1.000924	1.000565
17.018518	0.997251	0.999456	-0.002205	0.997626	0.999647	0.999830	0.997419	0.999625
17.054888	0.994730	1.001507	-0.006777	0.993019	0.999576	0.999796	0.994932	1.001711
17.091267	1.004809	1.000912	0.003897	1.003660	0.999505	0.999762	1.005047	1.001149
17.127682	1.004194	1.000903	0.003291	1.003019	0.999434	0.999729	1.004466	1.001174
17.164062	0.997339	0.999307	-0.001968	0.997727	0.999364	0.999695	0.997643	0.999612
17.200453	1.002119	1.001079	0.001040	1.000703	0.999294	0.999661	1.002458	1.001418
17.236845	1.005081	1.001143	0.003938	1.003568	0.999224	0.999628	1.005455	1.001515
17.273270	1.006951	1.003082	0.003869	1.003463	0.999155	0.999594	1.007359	1.003489
17.309639	0.995459	1.001285	-0.005826	0.993736	0.999086	0.999561	0.995895	1.001724
17.346029	1.001064	1.000032	0.001032	1.000562	0.999018	0.999528	1.001536	1.000504
17.382421	0.992604	0.999933	-0.007329	0.992168	0.998949	0.999496	0.993105	1.000437
17.418814	0.995677	1.000947	-0.005270	0.994194	0.998882	0.999463	0.996212	1.001484
17.455204	0.999340	1.000482	-0.001142	0.998290	0.998815	0.999431	0.999909	1.001052
17.491606	0.999791	1.001189	-0.001398	0.998002	0.998748	0.999399	1.000392	1.001791
17.527987	0.994466	0.997099	-0.002634	0.996736	0.998682	0.999367	0.995095	0.997730
17.564379	1.008417	1.001413	0.007004	1.006340	0.998617	0.999336	1.009086	1.002078
17.600792	0.999835	0.999706	0.000129	0.999434	0.998552	0.999305	1.000530	1.000401
17.637161	0.999331	0.999993	-0.000661	0.998613	0.998488	0.999274	1.000057	1.000719
17.674274	1.009925	1.000791	0.009135	1.008378	0.998423	0.999243	1.010690	1.001549
17.713589	1.005854	1.000376	0.005478	1.004687	0.998355	0.999211	1.006649	1.001167
17.749981	0.993402	0.999314	-0.005912	0.993270	0.998293	0.999181	0.994217	1.000133
17.786371	0.998548	1.000375	-0.001827	0.997322	0.998232	0.999151	0.999396	1.001225
17.822784	0.994794	1.000280	-0.005486	0.993635	0.998172	0.999123	0.995668	1.001158
17.859177	0.999302	0.999790	-0.000488	0.998606	0.998112	0.999094	1.000208	1.000697
17.895535	1.008702	0.998742	0.009961	1.009027	0.998054	0.999066	1.009645	0.999675
17.931948	1.007129	1.001030	0.006099	1.005136	0.997996	0.999038	1.008098	1.001994
17.968340	0.995607	0.999183	-0.003576	0.995436	0.997939	0.999011	0.996593	1.000172
18.004721	1.008516	1.003834	0.004681	1.003662	0.997883	0.998984	1.009542	1.004856
18.041111	0.996307	0.998458	-0.002151	0.996808	0.997828	0.998958	0.997347	0.999500
18.077513	1.001576	1.001349	0.000227	0.999158	0.997774	0.998932	1.002647	1.002420
18.113895	0.996068	0.996506	-0.000439	0.998470	0.997721	0.998906	0.997158	0.997597
18.153576	1.001847	0.999609	0.002238	1.001117	0.997665	0.998879	1.002971	1.000731
18.193989	1.003756	0.998518	0.005238	1.004091	0.997608	0.998852	1.004910	0.999666
18.230347	0.996512	0.998020	-0.001508	0.997321	0.997559	0.998828	0.997681	0.999191
18.266762	0.993540	0.998471	-0.004932	0.993874	0.997510	0.998805	0.994729	0.999666
18.303118	1.004718	0.999402	0.005316	1.004097	0.997463	0.998782	1.005944	1.000621
18.339533	0.990067	0.998454	-0.008387	0.990373	0.997417	0.998760	0.991296	0.999694
18.375912	0.993671	0.998116	-0.004444	0.994295	0.997372	0.998738	0.994927	0.999377
18.412315	1.000492	0.999781	0.000711	0.999427	0.997328	0.998717	1.001777	1.001065
18.448696	0.996347	1.000055	-0.003708	0.994988	0.997285	0.998697	0.997647	1.001360
18.488377	1.009910	1.000290	0.009620	1.008292	0.997240	0.998675	1.011250	1.001617
18.525124	0.998823	1.000474	-0.001650	0.997004	0.997200	0.998656	1.000168	1.001820
18.561514	1.003983	0.999840	0.004144	1.002779	0.997161	0.998637	1.005354	1.001204
18.600807	0.997035	0.998708	-0.001673	0.996945	0.997120	0.998618	0.998415	1.000090
18.637932	0.993555	0.999896	-0.006341	0.992257	0.997084	0.998600	0.994948	1.001298
18.674334	1.009158	1.000072	0.009086	1.007668	0.997049	0.998583	1.010589	1.001490
18.710735	1.004158	0.999755	0.004403	1.002970	0.997016	0.998567	1.005599	1.001189
18.747116	1.000948	0.998506	0.002443	1.000995	0.996984	0.998552	1.002400	0.999954
18.783497	1.000648	0.997521	0.003127	1.001666	0.996953	0.998537	1.002114	0.998983
18.819910	0.997663	0.998553	-0.000889	0.997635	0.996924	0.998523	0.999139	1.000030
18.856312	0.987482	0.999306	-0.011823	0.986686	0.996896	0.998510	0.988956	1.000797
18.894138	0.995835	0.998998	-0.003162	0.995334	0.996868	0.998497	0.997335	1.000502
18.932718	1.002036	0.997570	0.004467	1.002953	0.996842	0.998484	1.003558	0.999084
18.969109	0.995053	0.998807	-0.003754	0.994719	0.996818	0.998473	0.996575	1.000335
19.006947	0.996535	0.999277	-0.002742	0.995718	0.996795	0.998462	0.998071	1.000817
19.045527	0.990664	0.997950	-0.007286	0.991164	0.996774	0.998451	0.992201	0.999498
19.081917	0.999158	0.997787	0.001371	0.999814	0.996755	0.998442	1.000717	0.999344
19.118298	0.997971	0.998387	-0.000416	0.998018	0.996737	0.998434	0.999537	0.999953
19.154711	0.993717	0.999021	-0.005304	0.993120	0.996721	0.998426	0.995284	1.000597
19.191080	0.999063	0.998768	0.000295	0.998713	0.996707	0.998419	1.000646	1.000350
19.227472	0.999634	0.998320	0.001314	0.999727	0.996693	0.998413	1.001223	0.999907
19.263885	0.999563	0.998115	0.001448	0.999854	0.996682	0.998407	1.001158	0.999707
19.300278	0.989793	0.999589	-0.009796	0.988603	0.996672	0.998402	0.991377	1.001189
19.336658	0.999102	0.999212	-0.000109	0.998287	0.996663	0.998398	1.000706	1.000815
19.373049	1.004924	0.996764	0.008161	1.006556	0.996656	0.998395	1.006540	0.998367
19.409430	0.993306	0.997824	-0.004518	0.993875	0.996651	0.998392	0.994906	0.999431
19.445822	0.996214	0.996256	-0.000042	0.998351	0.996647	0.998390	0.997820	0.997863
19.482212	0.998725	0.998682	0.000043	0.998432	0.996644	0.998389	1.000337	1.000293
19.518602	0.997859	0.999522	-0.001663	0.996725	0.996643	0.998389	0.999470	1.001136
19.555017	0.995436	0.991947	0.003490	1.001886	0.996644	0.998389	0.997043	0.993548
19.591410	0.989559	0.995779	-0.006220	0.992173	0.996646	0.998390	0.991155	0.997386
19.628889	1.001536	0.997919	0.003617	1.002009	0.996650	0.998392	1.003150	0.999527
19.667814	1.000360	0.996863	0.003498	1.001895	0.996655	0.998395	1.001970	0.998466
19.704216	1.006705	0.998128	0.008577	1.006976	0.996662	0.998398	1.008321	0.999730
19.740597	0.997583	0.996990	0.000593	0.998997	0.996670	0.998402	0.999180	0.998586
19.776989	1.000083	0.998785	0.001297	0.999703	0.996680	0.998407	1.001680	1.000380
19.814823	0.990358	0.995734	-0.005376	0.993039	0.996692	0.998412	0.991933	0.997318
19.853415	1.000465	0.996101	0.004364	1.002785	0.996706	0.998419	1.002050	0.997680
19.889795	0.996707	0.997218	-0.000511	0.997916	0.996720	0.998426	0.998279	0.998791
19.926199	0.999647	0.997249	0.002398	1.000830	0.996736	0.998433	1.001216	0.998815
19.962578	0.994505	0.999049	-0.004544	0.993896	0.996754	0.998442	0.996058	1.000609
19.999004	0.996157	0.998064	-0.001906	0.996543	0.996772	0.998451	0.997704	0.999613
20.035360	0.998212	0.998809	-0.000598	0.997861	0.996793	0.998461	0.999751	1.000350
20.071764	1.003443	0.998840	0.004603	1.003073	0.996815	0.998471	1.004980	1.000370
20.108133	0.988482	0.999693	-0.011211	0.987268	0.996838	0.998482	0.989985	1.001213
20.144567	1.001444	0.999711	0.001733	1.000223	0.996863	0.998494	1.002955	1.001220
20.180916	0.993814	0.997687	-0.003872	0.994634	0.996889	0.998507	0.995301	0.999179
20.217329	0.998259	0.998530	-0.000271	0.998248	0.996916	0.998520	0.999739	1.000011
20.253710	1.005497	0.999158	0.006338	1.004871	0.996945	0.998534	1.006974	1.000626
20.290112	1.001442	1.000118	0.001324	0.999870	0.996975	0.998548	1.002899	1.001573
20.326494	1.001650	0.999334	0.002316	1.000879	0.997007	0.998563	1.003092	1.000772
20.362896	0.999654	0.998074	0.001581	1.000161	0.997040	0.998579	1.001077	0.999494
20.399286	0.999650	0.998208	0.001442	1.000039	0.997075	0.998596	1.001057	0.999613
20.435678	0.994861	0.998846	-0.003985	0.994628	0.997110	0.998613	0.996243	1.000234
20.472080	0.995388	0.997458	-0.002071	0.996562	0.997147	0.998631	0.996753	0.998827
20.508461	0.998866	0.998366	0.000501	0.999150	0.997186	0.998649	1.000218	0.999717
20.544830	0.992399	0.999626	-0.007227	0.991441	0.997225	0.998668	0.993723	1.000960
20.581244	1.001257	0.999199	0.002057	1.000745	0.997266	0.998688	1.002573	1.000513
20.617624	0.995347	0.996395	-0.001048	0.997661	0.997308	0.998708	0.996635	0.997685
20.654039	0.993927	0.997603	-0.003676	0.995054	0.997351	0.998729	0.995193	0.998873
20.690407	0.999055	0.997358	0.001697	1.000447	0.997396	0.998750	1.000306	0.998607
20.726809	1.006017	0.997892	0.008125	1.006898	0.997442	0.998772	1.007255	0.999120
20.763201	0.995967	0.999206	-0.003239	0.995553	0.997488	0.998794	0.997170	1.000413
20.799593	1.004795	0.999775	0.005020	1.003835	0.997536	0.998817	1.005986	1.000960
20.836349	1.000765	0.998316	0.002449	1.001289	0.997586	0.998841	1.001927	0.999475
20.876020	0.991534	0.993018	-0.001484	0.997385	0.997641	0.998868	0.992659	0.994144
20.914213	1.001296	0.997823	0.003472	1.002365	0.997695	0.998893	1.002406	0.998929
