0.020580	1.020702	1.013060	0.007643	1.007451	0.999810	0.999456	1.020913	1.013269
0.056981	1.010775	1.007956	0.002820	1.002641	0.999834	0.999524	1.010959	1.008139
0.093349	1.018977	1.009334	0.009643	1.009486	0.999852	0.999578	1.019142	1.009497
0.129762	1.003762	1.009437	-0.005675	0.994181	0.999866	0.999618	1.003909	1.009585
0.166130	1.006776	1.009538	-0.002762	0.997107	0.999875	0.999644	1.006913	1.009676
0.202542	1.007501	1.008236	-0.000735	0.999137	0.999880	0.999656	1.007633	1.008368
0.238933	1.008603	1.008646	-0.000043	0.999831	0.999879	0.999655	1.008734	1.008777
0.275345	1.004459	1.005529	-0.001070	0.998799	0.999875	0.999641	1.004594	1.005664
0.311702	0.992371	1.001915	-0.009544	0.990322	0.999865	0.999615	0.992513	1.002058
0.348104	1.008154	1.006910	0.001244	1.001090	0.999852	0.999576	1.008311	1.007067
0.384494	1.019089	1.005292	0.013797	1.013627	0.999834	0.999525	1.019265	1.005465
0.420896	1.001706	1.004077	-0.002371	0.997440	0.999812	0.999464	1.001900	1.004271
0.457275	1.007358	1.009530	-0.002172	0.997612	0.999787	0.999391	1.007577	1.009750
0.495132	1.002196	1.008367	-0.006171	0.993585	0.999757	0.999304	1.002443	1.008616
0.533679	1.001954	1.004624	-0.002670	0.997059	0.999722	0.999205	1.002236	1.004907
0.570091	1.013807	1.007223	0.006584	1.006271	0.999686	0.999101	1.014128	1.007542
0.606459	1.008546	1.010101	-0.001555	0.998097	0.999646	0.998989	1.008904	1.010460
0.642860	1.008704	1.015237	-0.006533	0.993099	0.999604	0.998868	1.009104	1.015640
0.679251	1.019007	1.013075	0.005933	1.005506	0.999559	0.998739	1.019457	1.013522
0.715642	1.006422	1.012299	-0.005877	0.993646	0.999511	0.998602	1.006914	1.012794
0.752021	0.995683	1.010907	-0.015224	0.984241	0.999461	0.998459	0.996219	1.011451
0.788445	1.008550	1.010398	-0.001848	0.997564	0.999409	0.998309	1.009145	1.010995
0.824802	1.011708	1.008052	0.003656	1.003008	0.999354	0.998153	1.012360	1.008701
0.861203	0.993324	1.005975	-0.012650	0.986646	0.999298	0.997992	0.994020	1.006679
0.897605	1.002602	1.009267	-0.006665	0.992576	0.999240	0.997826	1.003362	1.010032
0.933984	1.000197	1.007427	-0.007230	0.991949	0.999180	0.997655	1.001015	1.008250
0.970375	0.998674	1.007885	-0.009210	0.989906	0.999119	0.997480	0.999551	1.008770
1.006776	1.010734	1.008539	0.002195	1.001251	0.999057	0.997302	1.011684	1.009487
1.043189	1.001717	1.000692	0.001024	1.000028	0.998993	0.997121	1.002722	1.001697
1.079579	1.007631	1.003015	0.004616	1.003547	0.998929	0.996937	1.008706	1.004086
1.115947	1.003995	1.007400	-0.003406	0.995456	0.998864	0.996751	1.005132	1.008541
1.152349	1.006869	1.005963	0.000906	0.999704	0.998798	0.996563	1.008075	1.007168
1.188761	1.016056	1.011323	0.004733	1.003469	0.998732	0.996373	1.017340	1.012601
1.225151	1.011266	1.014138	-0.002872	0.995809	0.998665	0.996183	1.012612	1.015488
1.261542	1.009941	1.014230	-0.004290	0.994327	0.998598	0.995992	1.011352	1.015648
1.301211	1.006934	1.012026	-0.005092	0.993438	0.998526	0.995783	1.008415	1.013514
1.337967	1.005871	1.007524	-0.001653	0.996801	0.998458	0.995590	1.007418	1.009074
1.374358	1.005137	1.006098	-0.000962	0.997428	0.998391	0.995399	1.006749	1.007712
1.410759	1.015772	1.007145	0.008627	1.006947	0.998325	0.995209	1.017469	1.008828
1.447139	1.010087	1.010759	-0.000671	0.997588	0.998258	0.995019	1.011842	1.012514
1.483530	1.010707	1.008059	0.002648	1.000835	0.998193	0.994831	1.012529	1.009876
1.519930	1.002582	1.009091	-0.006509	0.991615	0.998127	0.994644	1.004455	1.010977
1.556321	1.006419	1.007867	-0.001448	0.996608	0.998063	0.994459	1.008365	1.009816
1.592711	1.013852	1.008515	0.005337	1.003329	0.997998	0.994275	1.015877	1.010529
1.629102	1.004323	1.003826	0.000497	0.998428	0.997935	0.994094	1.006393	1.005895
1.665492	1.001871	1.006009	-0.004138	0.993727	0.997872	0.993914	1.003998	1.008145
1.701860	1.012564	1.006244	0.006320	1.004122	0.997810	0.993737	1.014777	1.008443
1.738261	1.004867	1.005734	-0.000867	0.996875	0.997749	0.993562	1.007125	1.007994
1.774652	1.006283	1.003932	0.002351	1.000035	0.997688	0.993389	1.008604	1.006248
1.811064	0.996751	1.005002	-0.008251	0.989371	0.997629	0.993218	0.999110	1.007381
1.847434	0.996562	0.996106	0.000455	0.998055	0.997570	0.993050	0.998979	0.998522
1.883834	1.004605	1.006335	-0.001731	0.995772	0.997512	0.992884	1.007100	1.008835
1.920203	1.015146	1.006337	0.008809	1.006254	0.997455	0.992720	1.017725	1.008894
1.956615	1.000773	1.006730	-0.005957	0.991431	0.997398	0.992558	1.003372	1.009345
1.992983	1.013131	1.011179	0.001952	0.999290	0.997342	0.992399	1.015818	1.013861
2.029385	1.004927	1.003651	0.001276	0.998559	0.997287	0.992242	1.007648	1.006369
2.065764	1.006634	1.009222	-0.002588	0.994637	0.997233	0.992087	1.009415	1.012010
2.102177	1.012611	1.006180	0.006432	1.003601	0.997180	0.991933	1.015462	1.009013
2.138556	1.012405	1.007147	0.005258	1.002374	0.997127	0.991782	1.015308	1.010036
2.174958	1.009924	1.006575	0.003349	1.000413	0.997074	0.991632	1.012873	1.009514
2.211326	1.004273	1.006834	-0.002561	0.994454	0.997022	0.991483	1.007258	1.009826
2.247727	1.002607	1.007793	-0.005186	0.991776	0.996971	0.991336	1.005638	1.010840
2.284106	1.004705	1.002415	0.002290	0.999208	0.996919	0.991190	1.007794	1.005497
2.320508	1.001235	1.003525	-0.002290	0.994573	0.996869	0.991044	1.004364	1.006661
2.356899	1.000063	1.003313	-0.003250	0.993564	0.996818	0.990899	1.003239	1.006499
2.393300	0.997869	1.000143	-0.002274	0.994503	0.996767	0.990755	1.001088	1.003369
2.429691	1.007487	1.004482	0.003006	0.999716	0.996717	0.990611	1.010788	1.007772
2.466070	1.001693	1.002841	-0.001147	0.995517	0.996667	0.990467	1.005025	1.006176
2.502460	1.001636	1.000891	0.000745	0.997366	0.996616	0.990322	1.005018	1.004270
2.538862	0.990787	0.996894	-0.006107	0.990486	0.996565	0.990177	0.994182	1.000310
2.575241	1.005727	0.997032	0.008695	1.005238	0.996514	0.990031	1.009223	1.000498
2.611631	0.998289	1.002447	-0.004158	0.992306	0.996463	0.989885	1.001811	1.005984
2.648034	1.012433	1.006689	0.005744	1.002151	0.996412	0.989737	1.016057	1.010292
2.684435	1.013366	1.006747	0.006619	1.002970	0.996359	0.989588	1.017045	1.010402
2.720791	1.012332	1.007026	0.005307	1.001605	0.996307	0.989437	1.016061	1.010735
2.757193	1.017117	1.010167	0.006950	1.003197	0.996253	0.989284	1.020918	1.013941
2.793584	1.007573	1.005865	0.001708	0.997900	0.996199	0.989129	1.011392	1.009678
2.832151	1.002492	1.005091	-0.002599	0.993539	0.996141	0.988963	1.006350	1.008958
2.869998	0.999126	1.003755	-0.004629	0.991460	0.996083	0.988797	1.003028	1.007675
2.906389	1.004727	1.002996	0.001732	0.997759	0.996026	0.988634	1.008708	1.006970
2.942789	1.000348	1.000521	-0.000172	0.995807	0.995968	0.988469	1.004369	1.004542
2.979180	1.005376	0.997992	0.007383	1.003317	0.995909	0.988301	1.009475	1.002062
3.015571	1.006948	1.001563	0.005385	1.001240	0.995850	0.988130	1.011114	1.005707
3.051961	1.000789	0.998041	0.002749	0.998561	0.995789	0.987955	1.004991	1.002230
3.088340	1.008130	1.001737	0.006393	1.002132	0.995727	0.987778	1.012424	1.006004
3.124730	1.000840	0.997511	0.003328	0.999018	0.995663	0.987597	1.005166	1.001824
3.161143	0.997103	0.996139	0.000964	0.996600	0.995599	0.987412	1.001477	1.000509
3.197522	0.997795	0.995977	0.001818	0.997390	0.995533	0.987225	1.002237	1.000412
3.233913	0.995109	0.998296	-0.003187	0.992303	0.995466	0.987033	0.999606	1.002808
3.270327	1.004090	1.006017	-0.001927	0.993467	0.995398	0.986838	1.008696	1.010632
3.306704	1.011125	1.004995	0.006130	1.001455	0.995329	0.986640	1.015833	1.009674
3.343096	1.010177	1.003143	0.007034	1.002293	0.995258	0.986439	1.014952	1.007885
3.379486	0.999044	1.001094	-0.002050	0.993146	0.995187	0.986235	1.003837	1.005897
3.415854	0.993927	0.999287	-0.005360	0.989773	0.995114	0.986027	0.998768	1.004154
3.452266	0.999323	1.002711	-0.003388	0.991656	0.995041	0.985816	1.004264	1.007669
3.488657	0.999965	1.003911	-0.003947	0.991026	0.994966	0.985603	1.004984	1.008950
3.525059	1.004566	1.000791	0.003775	0.998676	0.994891	0.985387	1.009684	1.005889
3.561426	0.997705	1.001307	-0.003603	0.991224	0.994814	0.985169	1.002864	1.006485
3.597817	0.995915	0.999632	-0.003717	0.991037	0.994737	0.984949	1.001141	1.004878
3.634229	1.004400	0.998671	0.005728	1.000409	0.994660	0.984727	1.009749	1.003990
3.670609	0.999059	0.998343	0.000716	0.995321	0.994582	0.984503	1.004458	1.003738
3.706978	0.992113	0.995117	-0.003004	0.991545	0.994503	0.984279	0.997553	1.000573
3.743390	0.995011	0.998431	-0.003420	0.991026	0.994424	0.984053	1.000546	1.003985
3.779781	1.003395	0.997269	0.006126	1.000501	0.994345	0.983828	1.009056	1.002896
3.816171	0.997833	0.993697	0.004136	0.998460	0.994267	0.983602	1.003542	0.999382
3.852561	0.993375	0.994476	-0.001101	0.993136	0.994188	0.983377	0.999137	1.000244
3.888952	0.999994	0.992680	0.007314	1.001493	0.994110	0.983153	1.005873	0.998516
3.925342	1.000631	1.002346	-0.001715	0.992316	0.994032	0.982931	1.006593	1.008317
3.963177	1.015225	1.003058	0.012167	1.006115	0.993952	0.982702	1.021355	1.009114
4.001768	1.011149	1.002324	0.008824	1.002699	0.993871	0.982472	1.017336	1.008458
4.038158	1.003122	0.999648	0.003474	0.997281	0.993796	0.982258	1.009337	1.005841
4.075993	1.002579	1.000968	0.001611	0.995339	0.993720	0.982039	1.008867	1.007246
4.114583	1.002225	0.998707	0.003518	0.997190	0.993644	0.981822	1.008588	1.005048
4.150974	1.003701	0.999220	0.004481	0.998066	0.993574	0.981622	1.010145	1.005635
4.187365	0.997725	0.998630	-0.000905	0.992616	0.993506	0.981428	1.004199	1.005109
4.223743	1.000737	0.996393	0.004344	0.997814	0.993441	0.981241	1.007297	1.002924
4.261956	0.991578	0.993394	-0.001816	0.991611	0.993375	0.981052	0.998144	0.999972
4.300169	0.992208	0.993260	-0.001052	0.992315	0.993312	0.980872	0.998841	0.999901
4.336570	0.994380	0.996677	-0.002297	0.990982	0.993255	0.980710	1.001086	1.003398
4.372950	0.989818	0.996372	-0.006554	0.986676	0.993202	0.980558	0.996547	1.003145
4.409340	0.992179	0.994570	-0.002391	0.990800	0.993152	0.980415	0.998974	1.001382
4.445741	0.987204	0.991731	-0.004527	0.988644	0.993106	0.980284	0.994012	0.998570
4.482121	0.995220	0.994390	0.000830	0.993933	0.993064	0.980164	1.002125	1.001290
4.518523	0.991541	0.989789	0.001752	0.994860	0.993027	0.980057	0.998459	0.996694
4.554935	0.993730	0.991923	0.001807	0.994862	0.992994	0.979964	1.000697	0.998877
4.591325	0.995868	0.995019	0.000849	0.993846	0.992967	0.979885	1.002878	1.002023
4.627682	1.006598	0.997104	0.009494	1.002453	0.992944	0.979820	1.013708	1.004146
4.664073	0.998491	0.997424	0.001066	0.994003	0.992927	0.979771	1.005561	1.004487
4.700475	1.003669	1.000908	0.002760	0.995662	0.992916	0.979739	1.010788	1.008008
4.736887	0.993352	1.002051	-0.008699	0.984197	0.992910	0.979724	1.000404	1.009165
4.776900	1.000891	1.000083	0.000808	0.993711	0.992912	0.979727	1.007997	1.007183
4.813280	1.005522	0.998155	0.007367	1.000291	0.992920	0.979750	1.012653	1.005233
4.849680	0.990919	0.995907	-0.004987	0.987965	0.992935	0.979793	0.997933	1.002955
4.886071	0.999804	0.998017	0.001787	0.994749	0.992956	0.979855	1.006859	1.005059
4.922462	0.997560	0.998521	-0.000961	0.992021	0.992986	0.979939	1.004571	1.005539
4.958842	0.996788	0.995810	0.000978	0.994017	0.993022	0.980043	1.003758	1.002772
4.995242	0.998420	0.995825	0.002594	0.995678	0.993066	0.980170	1.005357	1.002744
5.031621	1.003731	0.996157	0.007574	1.000705	0.993119	0.980319	1.010653	1.003027
5.068013	0.991785	0.994359	-0.002574	0.990631	0.993179	0.980491	0.998565	1.001156
5.104425	0.992636	0.993041	-0.000405	0.992882	0.993247	0.980688	0.999354	0.999762
5.140792	0.993775	0.995004	-0.001229	0.992116	0.993324	0.980908	1.000424	1.001662
5.177217	0.984314	0.990996	-0.006682	0.986784	0.993410	0.981153	0.990816	0.997542
5.213574	0.987878	0.987057	0.000821	0.994424	0.993505	0.981423	0.994310	0.993484
5.249964	0.994329	0.996594	-0.002265	0.991351	0.993608	0.981719	1.000700	1.002979
5.286377	0.992749	0.991623	0.001126	0.994897	0.993721	0.982041	0.998998	0.997865
5.322778	1.002969	1.000000	0.002969	0.996796	0.993842	0.982389	1.009160	1.006173
5.359136	0.995886	0.996651	-0.000765	0.993217	0.993973	0.982763	1.001903	1.002672
5.395537	0.996775	1.001916	-0.005141	0.988949	0.994114	0.983165	1.002657	1.007828
5.431928	1.010793	0.999315	0.011479	1.005738	0.994263	0.983593	1.016606	1.005062
5.468318	0.994044	1.000448	-0.006403	0.988012	0.994422	0.984048	0.999602	1.006041
5.504719	0.991570	0.996056	-0.004486	0.990129	0.994591	0.984531	0.996946	1.001456
5.541099	0.991373	0.996634	-0.005261	0.989516	0.994770	0.985041	0.996570	1.001859
5.577478	0.977392	0.993460	-0.016068	0.978919	0.994958	0.985579	0.982332	0.998481
5.613869	0.978156	0.997344	-0.019189	0.975969	0.995155	0.986143	0.982906	1.002188
5.650259	0.996847	0.993551	0.003296	0.998685	0.995362	0.986735	1.001481	0.998170
5.686672	1.000385	0.999527	0.000858	0.996428	0.995579	0.987355	1.004818	1.003956
5.723051	0.992012	0.995475	-0.003463	0.992356	0.995804	0.988001	0.996184	0.999661
5.759431	0.998855	0.995648	0.003207	0.999262	0.996039	0.988673	1.002819	0.999600
5.796187	0.985376	0.991609	-0.006233	0.990096	0.996286	0.989379	0.989043	0.995299
5.835856	1.001599	0.994524	0.007075	1.003660	0.996563	0.990171	1.005049	0.997949
5.873713	0.990045	0.994687	-0.004642	0.992216	0.996837	0.990955	0.993183	0.997839
5.912260	0.991206	0.995026	-0.003821	0.993326	0.997126	0.991781	0.994060	0.997892
5.948682	0.985913	0.991953	-0.006040	0.991413	0.997408	0.992587	0.988474	0.994530
5.985051	0.990623	0.992985	-0.002362	0.995369	0.997698	0.993416	0.992909	0.995277
6.021452	0.996021	0.994673	0.001348	0.999367	0.997996	0.994269	0.998022	0.996672
6.058188	1.000115	1.000594	-0.000479	0.997821	0.998305	0.995152	1.001815	1.002296
6.097878	0.998512	1.000856	-0.002344	0.996299	0.998648	0.996132	0.999868	1.002215
6.134247	1.008007	1.004743	0.003264	1.002224	0.998969	0.997052	1.009052	1.005784
6.170659	1.009049	1.000431	0.008618	1.007913	0.999298	0.997993	1.009763	1.001139
6.207048	1.000290	0.999438	0.000851	1.000484	0.999634	0.998953	1.000662	0.999810
6.246362	1.015755	1.001489	0.014266	1.014266	1.000004	1.000011	1.015758	1.001492
6.283474	0.997473	1.001474	-0.004001	0.996355	1.000360	1.001028	0.997123	1.001122
6.322409	0.998948	0.994266	0.004682	1.005423	1.000739	1.002114	0.998219	0.993540
6.359878	1.004694	0.999184	0.005510	1.006617	1.001110	1.003174	1.003590	0.998086
6.396291	1.001814	1.001198	0.000616	1.002086	1.001475	1.004220	1.000348	0.999733
6.432658	0.998004	1.000971	-0.002967	0.998872	1.001845	1.005276	0.996177	0.999138
6.469049	0.997706	0.999367	-0.001660	1.000557	1.002219	1.006345	0.995508	0.997165
6.505439	0.988111	0.996461	-0.008350	0.994237	1.002596	1.007425	0.985563	0.993892
6.541842	1.001801	0.996797	0.005004	1.007973	1.002977	1.008514	0.998839	0.993850
6.578210	0.993773	0.996507	-0.002734	1.000626	1.003360	1.009609	0.990456	0.993182
6.617888	1.001698	1.002360	-0.000662	1.003109	1.003780	1.010812	0.997937	0.998597
6.654635	0.998455	0.999304	-0.000849	1.003308	1.004172	1.011931	0.994319	0.995165
6.691047	0.996197	1.000846	-0.004649	0.999900	1.004561	1.013044	0.991686	0.996314
6.727771	1.009176	1.004737	0.004439	1.009386	1.004954	1.014168	1.004214	0.999796
6.767461	1.009297	1.011808	-0.002512	1.002897	1.005379	1.015384	1.003909	1.006407
6.807486	1.020503	1.009955	0.010548	1.016368	1.005807	1.016609	1.014624	1.004136
6.843864	1.009664	1.006899	0.002765	1.008958	1.006196	1.017719	1.003459	1.000711
6.880278	1.012142	1.005833	0.006309	1.012881	1.006583	1.018827	1.005534	0.999267
6.916668	1.002938	1.003597	-0.000659	1.006293	1.006968	1.019929	0.996009	0.996663
6.953036	0.996616	1.000881	-0.004264	1.003050	1.007350	1.021022	0.989355	0.993589
6.989428	1.016604	1.005119	0.011484	1.019196	1.007730	1.022108	1.008816	0.997420
7.027650	1.008630	1.006338	0.002293	1.010402	1.008125	1.023238	1.000511	0.998237
7.065874	1.005911	1.005454	0.000457	1.008950	1.008515	1.024354	0.997427	0.996974
7.102243	1.000470	0.999978	0.000492	1.009325	1.008882	1.025403	0.991671	0.991184
7.138633	1.004575	1.002516	0.002059	1.011259	1.009244	1.026438	0.995382	0.993342
7.175023	0.997925	1.004030	-0.006105	1.003463	1.009600	1.027456	0.988444	0.994491
7.211414	1.009906	1.006648	0.003258	1.013180	1.009950	1.028457	0.999963	0.996738
7.247816	0.999953	0.996383	0.003570	1.013775	1.010293	1.029438	0.989771	0.986238
7.284206	0.999880	1.005203	-0.005323	1.005267	1.010629	1.030399	0.989369	0.994636
7.320607	1.002769	1.001965	0.000805	1.011707	1.010957	1.031337	0.991906	0.991110
7.356987	1.021099	1.005313	0.015786	1.027021	1.011277	1.032251	1.009716	0.994106
7.393377	1.000533	1.004425	-0.003892	1.007652	1.011588	1.033141	0.989074	0.992922
7.429756	1.004416	1.012428	-0.008012	1.003887	1.011889	1.034004	0.992616	1.000534
7.466169	1.009678	1.007895	0.001783	1.013935	1.012182	1.034840	0.997527	0.995766
7.502559	1.013695	1.015565	-0.001870	1.010633	1.012464	1.035646	1.001215	1.003062
7.542228	1.012995	1.017918	-0.004923	1.007907	1.012759	1.036491	1.000231	1.005092
7.578974	1.009223	1.014109	-0.004885	1.008156	1.013021	1.037240	0.996248	1.001071
7.615386	1.020955	1.014886	0.006070	1.019366	1.013269	1.037949	1.007581	1.001591
7.651755	1.020794	1.013971	0.006823	1.020344	1.013505	1.038623	1.007187	1.000455
7.688156	1.014075	1.012668	0.001407	1.015134	1.013728	1.039263	1.000335	0.998947
7.724546	1.006601	1.010262	-0.003661	1.010249	1.013939	1.039867	0.992755	0.996365
7.760926	1.016062	1.010468	0.005594	1.019702	1.014138	1.040434	1.001889	0.996373
7.797317	1.014641	1.011897	0.002743	1.017054	1.014323	1.040963	1.000303	0.997598
7.833706	1.005416	1.006535	-0.001119	1.013310	1.014494	1.041453	0.991040	0.992144
7.870120	1.009886	1.008817	0.001068	1.015662	1.014651	1.041903	0.995290	0.994237
7.906487	1.000583	1.007583	-0.007000	1.007738	1.014795	1.042313	0.985982	0.992879
7.942900	1.007641	1.008162	-0.000521	1.014342	1.014924	1.042682	0.992809	0.993323
7.979290	1.002935	1.007498	-0.004563	1.010403	1.015038	1.043009	0.988059	0.992555
8.015670	1.003745	1.007105	-0.003361	1.011711	1.015138	1.043294	0.988759	0.992070
8.052049	1.002981	1.005333	-0.002352	1.012771	1.015222	1.043536	0.987923	0.990240
8.088439	1.008269	1.007771	0.000498	1.015731	1.015292	1.043735	0.993062	0.992572
8.124841	1.011367	1.015393	-0.004026	1.011347	1.015346	1.043890	0.996060	1.000024
8.161221	1.004001	1.013496	-0.009495	1.005895	1.015385	1.044001	0.988766	0.998117
8.197633	1.006165	1.011494	-0.005329	1.010059	1.015409	1.044069	0.990873	0.996121
8.234013	1.013260	1.018264	-0.005004	1.010487	1.015417	1.044091	0.997851	1.002779
8.270404	1.019325	1.018069	0.001257	1.016734	1.015409	1.044070	1.003831	1.002593
8.306816	1.021829	1.016037	0.005792	1.021220	1.015386	1.044003	1.006318	1.000614
8.343173	1.013291	1.013707	-0.000417	1.014943	1.015347	1.043893	0.997947	0.998357
8.379563	1.023622	1.013247	0.010375	1.025679	1.015293	1.043738	1.008174	0.997956
8.415954	1.009412	1.010665	-0.001253	1.013949	1.015223	1.043539	0.994246	0.995480
8.452367	1.014559	1.019122	-0.004563	1.010669	1.015138	1.043296	0.999399	1.003893
8.488745	1.007182	1.010569	-0.003387	1.011634	1.015038	1.043009	0.992228	0.995565
8.525135	1.003252	1.009469	-0.006217	1.008682	1.014923	1.042680	0.988469	0.994594
8.561515	1.014202	1.008929	0.005273	1.020041	1.014793	1.042307	0.999385	0.994189
8.597906	1.009601	1.009866	-0.000265	1.014367	1.014648	1.041893	0.994993	0.995254
8.634296	1.013894	1.005255	0.008639	1.023067	1.014488	1.041436	0.999380	0.990865
8.670698	1.008454	1.005003	0.003451	1.017715	1.014314	1.040939	0.994188	0.990786
8.707099	1.004917	1.003302	0.001615	1.015683	1.014126	1.040401	0.990884	0.989291
8.743466	1.007153	1.000629	0.006524	1.020383	1.013925	1.039824	0.993286	0.986851
8.779858	1.000679	1.003858	-0.003179	1.010488	1.013709	1.039209	0.987110	0.990246
8.816270	1.006111	1.004348	0.001763	1.015192	1.013481	1.038555	0.992692	0.990953
8.852660	1.009621	1.000847	0.008775	1.021949	1.013240	1.037865	0.996392	0.987732
8.889051	1.001272	1.008032	-0.006760	1.006229	1.012986	1.037140	0.988399	0.995072
8.925420	1.002137	1.009861	-0.007725	1.005017	1.012720	1.036380	0.989513	0.997140
8.961832	1.000082	1.009159	-0.009077	1.003383	1.012442	1.035585	0.987755	0.996720
8.998201	1.020710	1.013561	0.007149	1.019388	1.012154	1.034760	1.008416	1.001353
9.034613	1.006100	1.007866	-0.001767	1.010088	1.011854	1.033902	0.994276	0.996022
9.070981	1.007876	1.009093	-0.001216	1.010347	1.011544	1.033015	0.996338	0.997540
9.107371	1.003734	1.004074	-0.000340	1.010858	1.011224	1.032100	0.992557	0.992893
9.143785	1.011926	1.003712	0.008214	1.019090	1.010894	1.031157	1.000985	0.992859
9.180164	1.011743	1.004352	0.007391	1.017943	1.010556	1.030189	1.001139	0.993825
9.216566	1.008434	1.007561	0.000873	1.011102	1.010208	1.029196	0.998209	0.997344
9.252934	1.004263	1.000303	0.003960	1.013785	1.009854	1.028182	0.994429	0.990508
9.289325	1.005865	1.002777	0.003088	1.012571	1.009491	1.027145	0.996374	0.993315
9.325736	1.008583	1.003346	0.005238	1.014362	1.009122	1.026088	0.999433	0.994243
9.362105	1.002095	0.994488	0.007606	1.016331	1.008746	1.025014	0.993374	0.985834
9.398539	0.987046	0.996952	-0.009906	0.998438	1.008364	1.023922	0.978827	0.988651
9.434885	1.000528	0.999189	0.001339	1.009306	1.007978	1.022817	0.992579	0.991250
9.471276	0.997122	0.999835	-0.002714	1.004872	1.007587	1.021698	0.989585	0.992278
9.508767	1.005495	1.001262	0.004233	1.011414	1.007179	1.020532	0.998299	0.994096
9.547712	1.003091	1.001560	0.001530	1.008293	1.006752	1.019311	0.996336	0.994816
9.584103	1.009829	1.003845	0.005983	1.012352	1.006350	1.018160	1.003431	0.997485
9.620481	1.011502	1.007091	0.004411	1.010391	1.005945	1.017004	1.005499	1.001114
9.656861	0.998727	1.004323	-0.005596	0.999971	1.005539	1.015842	0.993203	0.998768
9.693274	1.001227	1.004162	-0.002935	1.002231	1.005132	1.014677	0.996094	0.999013
9.729654	1.004890	1.004768	0.000122	1.004871	1.004724	1.013510	1.000145	1.000024
9.766054	1.005912	1.002729	0.003182	1.007517	1.004316	1.012343	1.001570	0.998402
9.802457	0.985968	1.001338	-0.015370	0.988553	1.003908	1.011178	0.982113	0.997423
9.838835	1.007796	0.997541	0.010254	1.013765	1.003502	1.010017	1.004263	0.994045
9.875215	0.998679	0.995646	0.003032	1.006139	1.003098	1.008860	0.995581	0.992558
9.911617	1.003442	0.994183	0.009259	1.011962	1.002696	1.007709	1.000733	0.991498
9.947996	0.991367	0.995467	-0.004100	0.998206	1.002296	1.006567	0.989086	0.993176
9.984398	0.992030	1.000610	-0.008580	0.993332	1.001900	1.005434	0.990141	0.998705
10.020800	0.991904	0.992429	-0.000525	1.000995	1.001508	1.004312	0.990405	0.990929
10.057189	0.992061	0.992779	-0.000718	1.000415	1.001120	1.003203	0.990948	0.991665
10.093547	0.984314	0.992432	-0.008118	0.992633	1.000738	1.002109	0.983587	0.991699
10.129959	0.981666	0.992136	-0.010470	0.989913	1.000360	1.001029	0.981313	0.991780
10.166349	0.993322	0.993940	-0.000617	0.999383	0.999988	0.999966	0.993336	0.993954
10.202752	0.992068	0.990511	0.001558	1.001210	0.999623	0.998921	0.992447	0.990889
10.239120	0.985569	0.987042	-0.001473	0.997837	0.999265	0.997897	0.986300	0.987774
10.275533	0.999144	0.994875	0.004269	1.003192	0.998913	0.996892	1.000240	0.995966
10.311912	0.994809	0.994356	0.000453	0.999032	0.998570	0.995909	0.996245	0.995792
10.348303	0.999200	1.001410	-0.002210	0.996027	0.998234	0.994949	1.000981	1.003195
10.384669	0.997929	0.998920	-0.000991	0.996915	0.997907	0.994015	1.000037	1.001030
10.423984	0.997567	0.999601	-0.002034	0.995541	0.997564	0.993032	1.000021	1.002060
10.461118	0.991398	0.992609	-0.001211	0.996053	0.997249	0.992132	0.994152	0.995367
10.497497	0.991775	0.994876	-0.003101	0.993850	0.996950	0.991278	0.994830	0.997941
10.533888	0.994809	0.992891	0.001918	0.998588	0.996661	0.990452	0.998165	0.996241
10.570278	0.992377	0.993775	-0.001398	0.994977	0.996383	0.989654	0.996006	0.997409
10.606658	0.981620	0.991836	-0.010216	0.985898	0.996114	0.988887	0.985477	0.995733
10.643092	0.995535	0.993845	0.001690	0.997533	0.995856	0.988149	0.999709	0.998011
10.679438	0.989595	0.990359	-0.000764	0.994851	0.995609	0.987443	0.993991	0.994759
10.715874	0.998474	0.995517	0.002957	0.998311	0.995373	0.986767	1.003150	1.000180
10.753319	0.989069	0.989597	-0.000528	0.994621	0.995142	0.986106	0.993934	0.994465
10.792254	0.982846	0.986379	-0.003533	0.991409	0.994915	0.985456	0.987908	0.991460
10.828667	0.994689	0.989907	0.004782	0.999493	0.994714	0.984881	1.000016	0.995208
10.865068	0.991567	0.988798	0.002769	0.997301	0.994525	0.984340	0.997069	0.994285
10.901470	0.992285	0.985801	0.006484	1.000855	0.994347	0.983833	0.997971	0.991450
10.937827	0.982901	0.983117	-0.000217	0.994016	0.994182	0.983360	0.988699	0.988917
10.974228	0.974732	0.981805	-0.007074	0.987027	0.994028	0.982920	0.980636	0.987752
11.010619	0.982376	0.982138	0.000238	0.994199	0.993886	0.982514	0.988469	0.988230
11.047009	0.984701	0.992250	-0.007550	0.986171	0.993756	0.982142	0.990939	0.998537
11.083411	0.993999	0.992484	0.001515	0.995113	0.993638	0.981804	1.000417	0.998893
11.119791	0.995892	0.992105	0.003787	0.997280	0.993532	0.981500	1.002432	0.998620
11.156192	0.997636	0.993065	0.004571	0.997959	0.993437	0.981229	1.004284	0.999682
11.192582	0.993946	0.990465	0.003480	0.996808	0.993354	0.980992	1.000654	0.997150
11.228972	0.992288	0.990144	0.002144	0.995398	0.993282	0.980788	0.999059	0.996900
11.265373	0.990459	0.988556	0.001903	0.995112	0.993223	0.980616	0.997278	0.995363
11.301754	0.982644	0.988113	-0.005469	0.987696	0.993174	0.980477	0.989460	0.994966
11.338133	0.995052	0.990176	0.004876	0.997980	0.993136	0.980370	1.001993	0.997083
11.374545	0.992698	0.985753	0.006945	1.000058	0.993110	0.980294	0.999651	0.992657
11.410936	0.985456	0.986628	-0.001172	0.991918	0.993094	0.980249	0.992374	0.993554
11.447327	0.987499	0.990481	-0.002982	0.990069	0.993089	0.980234	0.994438	0.997441
11.483694	0.978650	0.983336	-0.004685	0.988454	0.993094	0.980248	0.985523	0.990241
11.520096	0.988829	0.984641	0.004188	0.997309	0.993109	0.980291	0.995759	0.991542
11.556487	0.978384	0.981562	-0.003177	0.990003	0.993134	0.980363	0.985217	0.988417
11.592876	0.977853	0.982206	-0.004353	0.988858	0.993168	0.980461	0.984649	0.989032
11.629645	0.981245	0.980307	0.000937	0.994203	0.993213	0.980588	0.988020	0.987077
11.669291	0.985505	0.980536	0.004969	0.998304	0.993270	0.980753	0.992252	0.987250
11.705704	0.982472	0.985749	-0.003277	0.990053	0.993333	0.980931	0.989138	0.992437
11.742084	0.981420	0.983571	-0.002151	0.991281	0.993403	0.981133	0.988008	0.990174
11.781752	0.986775	0.985648	0.001127	0.994621	0.993489	0.981378	0.993314	0.992179
11.818498	0.994633	0.990690	0.003943	0.997476	0.993577	0.981629	1.001136	0.997167
11.857067	1.002026	0.993039	0.008987	1.002602	0.993676	0.981914	1.008476	0.999432
11.894922	0.994985	0.997504	-0.002519	0.991174	0.993782	0.982216	1.001284	1.003819
11.931292	0.994693	0.990935	0.003757	0.997602	0.993890	0.982524	1.000881	0.997100
11.968082	0.995530	0.993100	0.002430	0.996373	0.994005	0.982854	1.001607	0.999163
12.007716	0.986585	0.992215	-0.005631	0.988451	0.994135	0.983227	0.992477	0.998141
12.044129	0.989379	0.986840	0.002539	0.996788	0.994261	0.983586	0.995162	0.992608
12.080509	0.990541	0.992696	-0.002154	0.992182	0.994391	0.983959	0.996200	0.998367
12.116911	0.998709	0.989136	0.009573	1.004074	0.994526	0.984345	1.004278	0.994651
12.153278	0.985143	0.987814	-0.002671	0.991976	0.994665	0.984742	0.990498	0.993183
12.189692	0.990236	0.987336	0.002900	0.997695	0.994808	0.985150	0.995475	0.992559
12.226815	0.986267	0.991690	-0.005422	0.989491	0.994956	0.985575	0.991336	0.996786
12.266106	0.992556	0.989189	0.003366	0.998464	0.995117	0.986035	0.997495	0.994112
12.302497	0.983082	0.985804	-0.002722	0.992557	0.995269	0.986468	0.987823	0.990558
12.338898	0.987651	0.988274	-0.000623	0.994787	0.995422	0.986908	0.992260	0.992886
12.375277	0.983176	0.981559	0.001617	0.997220	0.995577	0.987352	0.987609	0.985985
12.411678	0.980407	0.988402	-0.007994	0.987723	0.995734	0.987799	0.984672	0.992701
12.448057	0.990788	0.990169	0.000618	0.996491	0.995892	0.988250	0.994939	0.994319
12.484437	0.990398	0.982945	0.007453	1.003533	0.996050	0.988702	0.994389	0.986906
12.520828	0.994874	0.993035	0.001839	0.998007	0.996208	0.989155	0.998724	0.996877
12.557240	0.998696	0.992160	0.006536	1.002867	0.996366	0.989607	1.002400	0.995839
12.593631	0.996614	0.993895	0.002719	0.999201	0.996524	0.990058	1.000151	0.997422
12.630010	0.997089	0.996386	0.000702	0.997353	0.996681	0.990507	1.000468	0.999764
12.666389	0.996254	0.997141	-0.000887	0.995895	0.996836	0.990952	0.999474	1.000364
12.702781	0.997649	0.995673	0.001977	0.998921	0.996990	0.991393	1.000718	0.998735
12.739192	0.979172	0.993276	-0.014103	0.983006	0.997143	0.991829	0.982032	0.996177
12.775560	0.991179	0.994193	-0.003014	0.994244	0.997293	0.992258	0.993923	0.996946
12.811973	0.997009	0.991990	0.005019	1.002440	0.997441	0.992681	0.999619	0.994587
12.848341	0.987119	0.989319	-0.002200	0.995375	0.997586	0.993096	0.989558	0.991763
12.884731	0.990132	0.996774	-0.006642	0.991045	0.997728	0.993503	0.992436	0.999093
12.921123	0.992457	0.993211	-0.000754	0.997088	0.997868	0.993901	0.994626	0.995382
12.957524	0.987302	0.986747	0.000555	0.998567	0.998003	0.994290	0.989324	0.988768
12.993903	0.989524	0.994343	-0.004819	0.993289	0.998135	0.994667	0.991418	0.996246
13.030305	0.989523	0.992978	-0.003455	0.994788	0.998264	0.995034	0.991288	0.994749
13.066706	0.982937	0.983893	-0.000955	0.997473	0.998388	0.995389	0.984566	0.985523
13.103075	0.988641	0.988382	0.000259	0.998772	0.998508	0.995732	0.990160	0.989900
13.139465	0.993141	0.990134	0.003007	1.001632	0.998623	0.996062	0.994550	0.991539
13.175888	0.985114	0.986489	-0.001376	0.997367	0.998734	0.996380	0.986400	0.987777
13.212256	0.980036	0.985735	-0.005700	0.993167	0.998840	0.996684	0.981210	0.986916
13.248658	0.991262	0.990945	0.000317	0.999252	0.998942	0.996974	0.992347	0.992029
13.285048	0.985951	0.997166	-0.011214	0.987799	0.999038	0.997249	0.986934	0.998159
13.321439	0.991325	0.999615	-0.008291	0.990811	0.999130	0.997511	0.992221	1.000519
13.366920	0.994845	0.998357	-0.003512	0.995711	0.999237	0.997817	0.995635	0.999150
13.623008	1.006059	1.007445	-0.001386	0.997676	0.999685	0.999098	1.007027	1.008415
13.659398	1.006474	1.007271	-0.000797	0.998392	0.999727	0.999219	1.007317	1.008115
13.695788	1.013603	1.007925	0.005679	1.004978	0.999764	0.999325	1.014341	1.008659
13.735068	1.009572	1.008056	0.001516	1.000917	0.999798	0.999422	1.010205	1.008688
13.772203	0.997533	1.007698	-0.010165	0.989316	0.999825	0.999498	0.998078	1.008249
13.808582	1.014667	1.008389	0.006278	1.005823	0.999845	0.999558	1.015158	1.008877
13.844973	1.009700	1.008204	0.001496	1.001091	0.999861	0.999604	1.010139	1.008642
13.881364	1.007201	1.009281	-0.002080	0.997549	0.999872	0.999635	1.007605	1.009685
13.917776	1.010378	1.007028	0.003350	1.002998	0.999879	0.999653	1.010761	1.007410
13.954144	1.010010	1.007915	0.002095	1.001750	0.999880	0.999657	1.010386	1.008291
13.990545	1.005678	1.007501	-0.001824	0.997821	0.999877	0.999648	1.006058	1.007883
14.026925	1.014253	1.008245	0.006009	1.005639	0.999870	0.999627	1.014656	1.008645
14.063315	1.007504	1.009089	-0.001585	0.998014	0.999858	0.999593	1.007936	1.009521
14.099706	1.017155	1.011032	0.006124	1.005677	0.999842	0.999547	1.017635	1.011508
14.136107	1.008171	1.009445	-0.001273	0.998228	0.999822	0.999490	1.008702	1.009976
14.173244	1.008362	1.009771	-0.001409	0.998024	0.999797	0.999420	1.008961	1.010371
14.212522	1.016641	1.009602	0.007039	1.006379	0.999767	0.999334	1.017330	1.010286
14.251811	1.014724	1.007481	0.007243	1.006495	0.999733	0.999236	1.015508	1.008260
14.288970	1.009940	1.007867	0.002073	1.001218	0.999697	0.999134	1.010823	1.008748
14.325360	1.002085	1.007876	-0.005791	0.993243	0.999659	0.999024	1.003069	1.008866
14.361772	1.010472	1.009181	0.001290	1.000206	0.999617	0.998905	1.011582	1.010291
14.398163	1.004116	1.008238	-0.004122	0.994674	0.999573	0.998779	1.005345	1.009472
14.434542	1.010081	1.008040	0.002041	1.000704	0.999526	0.998645	1.011452	1.009408
14.470955	1.014268	1.007988	0.006280	1.004804	0.999477	0.998503	1.015786	1.009497
14.511001	1.003329	1.007823	-0.004494	0.993865	0.999420	0.998340	1.004994	1.009495
14.547370	1.002270	1.007106	-0.004836	0.993372	0.999366	0.998186	1.004086	1.008931
14.583771	1.005886	1.006748	-0.000862	0.997186	0.999310	0.998025	1.007870	1.008734
14.620151	1.012316	1.007859	0.004456	1.002336	0.999252	0.997860	1.014479	1.010013
14.656541	1.007556	1.006705	0.000852	0.998564	0.999192	0.997690	1.009880	1.009026
14.692920	1.003679	1.007224	-0.003546	0.993988	0.999132	0.997517	1.006167	1.009722
14.729310	1.003376	1.008305	-0.004930	0.992421	0.999070	0.997339	1.006042	1.010985
14.765712	1.005015	1.005846	-0.000830	0.996345	0.999006	0.997158	1.007867	1.008700
14.803914	1.010559	1.005215	0.005344	1.002327	0.998939	0.996965	1.013622	1.008262
14.842115	1.015095	1.007485	0.007610	1.004391	0.998871	0.996770	1.018370	1.010735
14.878506	1.008348	1.006384	0.001964	0.998562	0.998805	0.996582	1.011791	1.009820
14.914896	1.009385	1.007463	0.001923	0.998320	0.998739	0.996393	1.013023	1.011093
14.954565	1.011202	1.005168	0.006034	1.002229	0.998666	0.996186	1.015057	1.009000
14.991333	1.012308	1.007752	0.004555	1.000540	0.998599	0.995993	1.016363	1.011789
15.027735	1.007612	1.007035	0.000577	0.996381	0.998532	0.995801	1.011842	1.011262
15.064102	1.004202	1.005414	-0.001212	0.994405	0.998465	0.995610	1.008611	1.009828
15.100481	1.006001	1.004930	0.001070	0.996500	0.998398	0.995419	1.010610	1.009535
15.136884	1.002194	1.004171	-0.001976	0.993263	0.998332	0.995229	1.006979	1.008964
15.173273	1.013268	1.005222	0.008047	1.003090	0.998266	0.995039	1.018299	1.010212
15.209687	1.005085	1.004859	0.000226	0.995080	0.998200	0.994851	1.010265	1.010038
15.246055	1.001872	1.004251	-0.002379	0.992287	0.998134	0.994664	1.007224	1.009615
15.283912	0.999085	1.004367	-0.005281	0.989191	0.998067	0.994471	1.004616	1.009927
15.322480	1.003225	1.004560	-0.001335	0.992940	0.997999	0.994277	1.008976	1.010318
15.358892	1.001797	1.003469	-0.001672	0.992425	0.997935	0.994095	1.007723	1.009405
15.395261	1.007634	1.003903	0.003731	0.997644	0.997872	0.993915	1.013777	1.010023
15.431651	1.005362	1.003806	0.001556	0.995291	0.997810	0.993738	1.011671	1.010105
15.469520	0.991257	1.002581	-0.011323	0.982234	0.997747	0.993556	0.997660	1.009056
15.508055	1.000037	1.002308	-0.002271	0.991099	0.997683	0.993373	1.006681	1.008967
15.544490	0.995849	1.001173	-0.005323	0.987884	0.997623	0.993202	1.002637	1.007996
15.580869	1.000666	1.003334	-0.002668	0.990357	0.997564	0.993034	1.007655	1.010342
15.617237	0.998253	1.002484	-0.004231	0.988633	0.997506	0.992868	1.005392	1.009654
15.653617	0.995946	1.003120	-0.007174	0.985520	0.997449	0.992705	1.003233	1.010459
15.690018	0.998462	1.002869	-0.004407	0.988125	0.997393	0.992543	1.005929	1.010370
15.726408	1.007148	1.003694	0.003454	0.995814	0.997337	0.992384	1.014843	1.011362
15.765710	1.007504	1.001983	0.005521	0.997714	0.997278	0.992215	1.015373	1.009809
15.807568	1.002558	1.002303	0.000254	0.992277	0.997216	0.992037	1.010568	1.010312
15.846503	1.001740	1.002819	-0.001079	0.990774	0.997159	0.991873	1.009909	1.010996
15.882894	1.002280	1.003392	-0.001112	0.990579	0.997106	0.991722	1.010605	1.011727
15.919284	1.005948	1.002059	0.003889	0.995447	0.997054	0.991573	1.014456	1.010533
15.955663	1.003840	1.001251	0.002589	0.994006	0.997002	0.991425	1.012479	1.009868
15.992053	1.002593	1.001057	0.001536	0.992806	0.996950	0.991278	1.011370	1.009821
16.028442	1.001307	1.002086	-0.000779	0.990334	0.996899	0.991132	1.010220	1.011006
16.064844	0.993226	1.001570	-0.008345	0.982626	0.996849	0.990987	1.002212	1.010632
16.101236	1.007059	1.000911	0.006148	0.996979	0.996798	0.990842	1.016317	1.010112
16.137627	0.995589	1.000589	-0.005000	0.985690	0.996748	0.990698	1.004886	1.009933
16.174038	1.004494	1.000424	0.004070	0.994613	0.996697	0.990554	1.014020	1.009911
16.210407	0.997445	0.999849	-0.002403	0.987999	0.996647	0.990410	1.007049	1.009475
16.248276	1.002035	1.000385	0.001650	0.991896	0.996594	0.990259	1.011834	1.010168
16.286831	1.000499	1.000459	0.000040	0.990131	0.996540	0.990105	1.010439	1.010398
16.323200	0.994304	0.999942	-0.005638	0.984315	0.996489	0.989959	1.004328	1.010023
16.359623	1.004941	0.999290	0.005650	0.995462	0.996438	0.989812	1.015221	1.009513
16.395981	0.997221	1.000855	-0.003633	0.986010	0.996386	0.989664	1.007571	1.011243
16.432394	0.996311	0.997857	-0.001546	0.987978	0.996333	0.989513	1.006803	1.008364
16.468763	0.995937	1.000516	-0.004579	0.984762	0.996280	0.989362	1.006576	1.011204
16.505175	1.001075	0.999408	0.001666	0.990860	0.996227	0.989208	1.011924	1.010239
16.541544	0.999460	0.998887	0.000573	0.989617	0.996172	0.989052	1.010448	1.009869
16.577957	1.000843	0.999583	0.001260	0.990140	0.996117	0.988894	1.012006	1.010732
16.614334	0.998466	1.000525	-0.002058	0.986650	0.996061	0.988733	1.009765	1.011847
16.650726	1.004276	0.998045	0.006231	0.994799	0.996003	0.988570	1.015806	1.009504
16.687115	1.000624	0.997852	0.002771	0.991181	0.995945	0.988403	1.012280	1.009476
16.723518	1.007090	0.997001	0.010089	0.998338	0.995886	0.988234	1.018993	1.008785
16.759909	0.997493	0.998185	-0.000692	0.987369	0.995826	0.988062	1.009457	1.010157
16.796288	0.991731	0.995992	-0.004261	0.983649	0.995764	0.987886	1.003801	1.008114
16.832678	0.994529	0.997758	-0.003229	0.984479	0.995702	0.987707	1.006814	1.010083
16.869080	1.004679	0.998518	0.006162	0.993676	0.995638	0.987525	1.017275	1.011036
16.905447	0.998469	0.996587	0.001882	0.989234	0.995573	0.987339	1.011174	1.009268
16.941860	0.996683	0.997244	-0.000560	0.986591	0.995507	0.987150	1.009557	1.010125
16.978230	1.006123	0.996289	0.009834	0.996803	0.995440	0.986957	1.019315	1.009352
17.015718	0.992994	0.995946	-0.002952	0.983817	0.995369	0.986755	1.006218	1.009209
17.054665	0.993542	0.996495	-0.002953	0.983592	0.995294	0.986541	1.006989	1.009981
17.091043	0.985851	0.996776	-0.010926	0.975408	0.995223	0.986339	0.999397	1.010472
17.127436	0.997827	0.995819	0.002008	0.988146	0.995151	0.986133	1.011747	1.009710
17.163837	0.989033	0.996027	-0.006994	0.978927	0.995078	0.985923	1.003041	1.010133
17.200226	0.991147	0.995420	-0.004273	0.981441	0.995004	0.985711	1.005399	1.009733
17.236616	0.990378	0.994335	-0.003957	0.981553	0.994929	0.985497	1.004835	1.008850
17.272997	0.998210	0.993667	0.004543	0.989839	0.994853	0.985280	1.013003	1.008393
17.309397	0.987225	0.994092	-0.006867	0.978211	0.994776	0.985060	1.002077	1.009047
17.345789	1.008862	0.993046	0.015816	1.000684	0.994699	0.984839	1.024267	1.008209
17.382191	0.989438	0.993856	-0.004418	0.980213	0.994621	0.984616	1.004772	1.009259
17.418570	0.991058	0.993129	-0.002071	0.982344	0.994543	0.984392	1.006644	1.008747
17.454983	0.982467	0.990688	-0.008220	0.975997	0.994464	0.984167	0.998145	1.006497
17.491362	0.992528	0.991837	0.000691	0.984666	0.994385	0.983942	1.008597	1.007894
17.527750	0.992512	0.991163	0.001349	0.985104	0.994306	0.983716	1.008810	1.007439
17.564497	1.001178	0.991766	0.009412	0.992927	0.994227	0.983489	1.017852	1.008283
17.604166	0.994544	0.991195	0.003349	0.986624	0.994141	0.983244	1.011358	1.007953
17.640545	0.989347	0.992164	-0.002817	0.980215	0.994063	0.983021	1.006301	1.009166
17.676958	0.996941	0.990754	0.006187	0.989015	0.993986	0.982800	1.014252	1.007958
17.713337	0.989091	0.990770	-0.001679	0.980926	0.993910	0.982581	1.006489	1.008198
17.749741	0.984737	0.992672	-0.007935	0.974416	0.993834	0.982365	1.002278	1.010354
17.786119	0.987120	0.989730	-0.002611	0.979573	0.993760	0.982153	1.004920	1.007577
17.822519	0.981743	0.992184	-0.010440	0.971486	0.993687	0.981946	0.999657	1.010288
17.858889	0.987422	0.990796	-0.003374	0.978368	0.993616	0.981743	1.005648	1.009084
17.895300	0.994982	0.991109	0.003873	0.985409	0.993547	0.981545	1.013551	1.009606
17.931702	0.993123	0.991145	0.001979	0.983315	0.993480	0.981354	1.011855	1.009839
17.968082	0.995544	0.989704	0.005840	0.987015	0.993416	0.981169	1.014513	1.008562
18.004482	0.984777	0.988450	-0.003673	0.977340	0.993354	0.980992	1.003722	1.007466
18.040907	0.998016	0.988434	0.009582	0.990423	0.993295	0.980824	1.017391	1.007623
18.078709	0.989573	0.988994	0.000579	0.981241	0.993237	0.980658	1.008956	1.008365
18.117277	0.986780	0.988374	-0.001594	0.978916	0.993182	0.980500	1.006270	1.007895
18.154034	0.987041	0.988506	-0.001464	0.978900	0.993133	0.980361	1.006681	1.008174
18.193701	0.979290	0.987538	-0.008248	0.971990	0.993085	0.980223	0.998916	1.007330
18.230104	0.988378	0.988144	0.000234	0.980344	0.993045	0.980110	1.008305	1.008067
18.266495	0.983565	0.988828	-0.005263	0.974730	0.993010	0.980010	1.003499	1.008869
18.302885	0.985526	0.987702	-0.002176	0.977747	0.992980	0.979923	1.005591	1.007811
18.339275	0.988596	0.987186	0.001410	0.981267	0.992955	0.979851	1.008799	1.007361
18.375666	0.987883	0.987811	0.000072	0.979857	0.992935	0.979794	1.008132	1.008058
18.412056	0.986574	0.987021	-0.000447	0.979307	0.992921	0.979753	1.006840	1.007297
18.448437	0.992793	0.987640	0.005153	0.984871	0.992912	0.979729	1.013214	1.007955
18.484848	0.979557	0.986867	-0.007309	0.972412	0.992910	0.979722	0.999715	1.007175
18.521217	0.982642	0.988007	-0.005366	0.974345	0.992914	0.979734	1.002854	1.008330
18.561274	0.982226	0.989048	-0.006822	0.972901	0.992926	0.979769	1.002396	1.009358
18.597687	0.984256	0.987910	-0.003654	0.976142	0.992944	0.979821	1.004417	1.008146
18.634043	0.986051	0.989606	-0.003555	0.976269	0.992970	0.979894	1.006178	1.009805
18.670433	0.980442	0.987704	-0.007263	0.972687	0.993003	0.979988	1.000361	1.007771
18.706823	0.990825	0.988114	0.002711	0.982779	0.993043	0.980103	1.010839	1.008074
18.743225	0.988197	0.988506	-0.000310	0.979894	0.993091	0.980241	1.008019	1.008335
18.779606	1.002119	0.988962	0.013157	0.993513	0.993147	0.980401	1.022057	1.008638
18.815994	0.986142	0.987558	-0.001415	0.979149	0.993212	0.980585	1.005577	1.007020
18.854931	0.991766	0.989216	0.002550	0.983308	0.993290	0.980809	1.011085	1.008485
18.895309	0.998553	0.987759	0.010795	0.991847	0.993381	0.981070	1.017737	1.006735
18.932444	0.990820	0.988987	0.001832	0.983135	0.993475	0.981338	1.009583	1.007716
18.968824	0.986266	0.989824	-0.003558	0.978022	0.993575	0.981626	1.004652	1.008277
19.005226	0.986221	0.989444	-0.003223	0.978681	0.993685	0.981939	1.004289	1.007571
19.041605	0.989439	0.989244	0.000196	0.982446	0.993804	0.982279	1.007222	1.007023
19.078018	0.993503	0.990819	0.002684	0.985282	0.993932	0.982646	1.010985	1.008253
19.114408	0.983819	0.991232	-0.007413	0.975577	0.994070	0.983039	1.000734	1.008275
19.150787	0.991110	0.991630	-0.000520	0.982887	0.994216	0.983459	1.007724	1.008253
19.187178	0.996826	0.992118	0.004708	0.988563	0.994373	0.983906	1.013079	1.008294
19.223579	0.989932	0.992056	-0.002124	0.982212	0.994539	0.984381	1.005591	1.007749
19.259970	0.992140	0.993705	-0.001564	0.983259	0.994714	0.984882	1.007325	1.008914
19.296339	0.989055	0.994341	-0.005286	0.980067	0.994899	0.985411	1.003658	1.009022
19.332729	0.997897	0.995132	0.002766	0.988673	0.995094	0.985968	1.012063	1.009258
19.370964	0.999797	0.995271	0.004527	0.991055	0.995308	0.986581	1.013363	1.008775
19.409143	1.004669	0.997267	0.007402	0.994552	0.995533	0.987224	1.017642	1.010144
19.445543	1.000879	0.995956	0.004923	0.992745	0.995757	0.987865	1.013149	1.008166
19.481934	1.006768	0.995738	0.011030	0.999528	0.995990	0.988532	1.018426	1.007269
19.518326	0.991269	0.995781	-0.004513	0.984686	0.996233	0.989226	1.002048	1.006610
19.554705	1.002755	0.996097	0.006658	0.996575	0.996484	0.989945	1.012926	1.006201
19.591129	1.006078	0.999899	0.006179	0.996823	0.996745	0.990691	1.015521	1.009284
19.627497	1.007124	1.000077	0.007047	0.998475	0.997014	0.991461	1.015790	1.008682
19.663887	1.005435	0.999638	0.005796	0.998030	0.997293	0.992257	1.013277	1.007436
19.700289	0.988988	1.001564	-0.012577	0.980475	0.997579	0.993077	0.995882	1.008546
19.736668	1.007493	1.002052	0.005441	0.999341	0.997874	0.993920	1.013659	1.008185
19.773069	0.999276	1.003053	-0.003777	0.990993	0.998177	0.994786	1.004519	1.008317
19.809460	1.001056	1.003212	-0.002156	0.993508	0.998488	0.995674	1.005414	1.007579
19.845861	0.997773	1.004309	-0.006536	0.990042	0.998806	0.996585	1.001204	1.007763
19.882229	1.014229	1.006223	0.008006	1.005517	0.999131	0.997514	1.016771	1.008745
19.918621	1.001736	1.006011	-0.004276	0.994190	0.999463	0.998465	1.003293	1.007575
19.955021	1.016836	1.008337	0.008499	1.007942	0.999802	0.999434	1.017431	1.008927
19.991390	1.006140	1.008185	-0.002045	0.998389	1.000147	1.000421	1.005738	1.007782
20.027803	1.010740	1.009480	0.001260	1.002705	1.000498	1.001426	1.009324	1.008066
20.064182	1.016199	1.011729	0.004470	1.006947	1.000855	1.002445	1.013746	1.009286
20.100573	1.006950	1.010991	-0.004040	0.999461	1.001217	1.003480	1.003486	1.007512
20.136974	1.009770	1.012657	-0.002887	1.001682	1.001583	1.004529	1.005247	1.008120
20.174809	1.015578	1.013568	0.002010	1.007682	1.001969	1.005632	1.009920	1.007921
20.213377	1.010665	1.015589	-0.004924	1.001902	1.002367	1.006769	1.003901	1.008792
20.249779	1.018621	1.016199	0.002423	1.010333	1.002746	1.007853	1.010717	1.008314
20.286158	1.013467	1.016116	-0.002649	1.006347	1.003127	1.008944	1.004516	1.007142
20.322559	1.006937	1.017729	-0.010793	0.999319	1.003512	1.010044	0.996958	1.007644
20.358950	1.011937	1.018755	-0.006818	1.004409	1.003898	1.011148	1.000814	1.007557
20.395340	1.017695	1.019081	-0.001386	1.010948	1.004286	1.012258	1.005406	1.006775
20.431719	1.023751	1.021559	0.002191	1.015665	1.004675	1.013370	1.010279	1.008116
20.469946	1.019650	1.022324	-0.002674	1.011975	1.005084	1.014541	1.005071	1.007707
