0.020497	1.006944	1.006662	1.179295	1.178966	1.000281	0.854091	0.853852
0.056911	1.008219	1.008951	1.178297	1.179154	0.999267	0.855036	0.855657
0.093292	1.009294	1.007996	1.180753	1.179234	1.001298	0.855889	0.854789
0.129685	1.008148	1.008339	1.179004	1.179227	0.999810	0.854923	0.855084
0.166078	1.008796	1.009001	1.178911	1.179151	0.999795	0.855527	0.855701
0.202480	1.005177	1.005189	1.179009	1.179022	0.999989	0.852552	0.852561
0.238861	1.007545	1.007758	1.178607	1.178856	0.999787	0.854680	0.854861
0.277787	1.003365	1.004127	1.177758	1.178652	0.999238	0.851282	0.851928
0.315312	1.003654	1.004356	1.177620	1.178443	0.999298	0.851678	0.852274
0.351671	1.002731	1.003931	1.176830	1.178238	0.998800	0.851043	0.852061
0.388062	1.003647	1.003784	1.177879	1.178041	0.999863	0.851963	0.852080
0.424466	1.003861	1.004428	1.177193	1.177857	0.999434	0.852278	0.852759
0.460836	1.006232	1.004926	1.179224	1.177693	1.001306	0.854409	0.853300
0.497250	1.008824	1.007234	1.179412	1.177554	1.001590	0.856712	0.855362
0.533620	1.011708	1.008236	1.181497	1.177442	1.003472	0.859243	0.856294
0.570023	1.010477	1.009096	1.178971	1.177359	1.001381	0.858257	0.857084
0.606427	1.005531	1.005695	1.177116	1.177308	0.999836	0.854093	0.854233
0.642819	1.005842	1.006174	1.176899	1.177288	0.999668	0.854372	0.854654
0.679200	1.006680	1.006743	1.177225	1.177298	0.999937	0.855076	0.855130
0.715591	1.003094	1.004633	1.175534	1.177338	0.998461	0.852002	0.853309
0.751973	1.005604	1.004719	1.178442	1.177405	1.000886	0.854085	0.853333
0.788376	1.000987	1.003212	1.174886	1.177497	0.997776	0.850098	0.851987
0.824779	0.999820	1.001698	1.175404	1.177612	0.998122	0.849024	0.850618
0.861160	1.003639	1.005597	1.175453	1.177746	0.998042	0.852170	0.853832
0.897541	1.003255	1.003830	1.177221	1.177896	0.999425	0.851735	0.852223
0.933967	1.005476	1.002833	1.181163	1.178058	1.002643	0.853503	0.851260
0.970358	1.004042	1.004090	1.178173	1.178230	0.999952	0.852162	0.852203
1.006729	1.001794	1.002709	1.177332	1.178406	0.999086	0.850126	0.850902
1.043109	1.005402	1.005670	1.178272	1.178585	0.999732	0.853059	0.853286
1.079512	1.003686	1.004521	1.177783	1.178762	0.999165	0.851475	0.852183
1.115905	1.008938	1.008228	1.179765	1.178934	1.000710	0.855805	0.855203
1.152296	1.007800	1.008897	1.177817	1.179099	0.998903	0.854721	0.855651
1.188689	1.014094	1.011493	1.182284	1.179252	1.002601	0.859947	0.857741
1.225081	1.011234	1.011034	1.179626	1.179393	1.000199	0.857419	0.857250
1.261462	1.010172	1.008581	1.181379	1.179518	1.001591	0.856428	0.855079
1.297865	1.010254	1.010029	1.179888	1.179625	1.000225	0.856419	0.856229
1.334268	1.007140	1.007846	1.178888	1.179714	0.999294	0.853715	0.854314
1.370649	1.006506	1.007363	1.178778	1.179783	0.999142	0.853128	0.853855
1.407030	1.010371	1.007032	1.183743	1.179830	1.003340	0.856370	0.853539
1.443433	1.006168	1.007223	1.178621	1.179856	0.998946	0.852789	0.853683
1.479836	1.005808	1.004939	1.180881	1.179860	1.000870	0.852481	0.851744
1.516250	1.004554	1.004358	1.180074	1.179843	1.000197	0.851431	0.851264
1.552609	1.005792	1.005578	1.180055	1.179804	1.000214	0.852508	0.852327
1.589013	1.000782	1.003577	1.176459	1.179745	0.997205	0.848304	0.850673
1.625383	1.004373	1.004918	1.179026	1.179666	0.999455	0.851405	0.851867
1.661797	1.003269	1.003947	1.178772	1.179568	0.999322	0.850539	0.851114
1.699645	1.004230	1.003878	1.179863	1.179449	1.000353	0.851440	0.851141
1.738215	1.000924	1.001456	1.178684	1.179311	0.999468	0.848736	0.849188
1.774619	1.001718	1.000886	1.180146	1.179166	1.000832	0.849514	0.848809
1.810999	1.000199	1.000669	1.178455	1.179009	0.999529	0.848339	0.848738
1.847391	1.005443	1.003153	1.181533	1.178842	1.002290	0.852907	0.850965
1.883783	1.005110	1.004548	1.179327	1.178668	1.000562	0.852751	0.852274
1.920175	1.005846	1.004383	1.180204	1.178487	1.001463	0.853506	0.852265
1.956579	1.001462	1.003311	1.176130	1.178303	0.998150	0.849919	0.851489
1.992936	1.003856	1.003368	1.178690	1.178116	1.000489	0.852086	0.851671
2.029362	1.004906	1.004873	1.177968	1.177930	1.000033	0.853112	0.853084
2.065733	1.003569	1.003682	1.177611	1.177744	0.999887	0.852111	0.852207
2.102136	1.003404	1.003893	1.176990	1.177563	0.999512	0.852103	0.852517
2.138505	1.002595	1.000888	1.179394	1.177386	1.001707	0.851543	0.850093
2.174920	1.001612	1.002923	1.175677	1.177215	0.998689	0.850832	0.851945
2.211312	1.003704	1.003638	1.177129	1.177052	1.000066	0.852727	0.852671
2.247715	1.001026	1.001850	1.175929	1.176897	0.999176	0.850564	0.851264
2.284097	0.998424	0.999834	1.175092	1.176752	0.998590	0.848457	0.849656
2.320510	0.999828	1.000514	1.175810	1.176617	0.999314	0.849748	0.850332
2.356891	0.999271	1.000403	1.175161	1.176493	0.998868	0.849364	0.850327
2.393283	0.999624	1.000271	1.175619	1.176380	0.999353	0.849746	0.850296
2.429686	1.000713	1.001130	1.175788	1.176278	0.999582	0.850745	0.851100
2.466079	0.999021	0.999983	1.175057	1.176189	0.999038	0.849372	0.850190
2.502460	1.001274	1.001206	1.176189	1.176110	1.000067	0.851344	0.851286
2.538852	1.001007	1.000898	1.176171	1.176042	1.000109	0.851166	0.851073
2.575243	1.001818	1.001109	1.176818	1.175986	1.000709	0.851896	0.851294
2.611647	1.002509	1.003810	1.174415	1.175939	0.998699	0.852517	0.853624
2.648050	1.006052	1.004593	1.177610	1.175902	1.001459	0.855558	0.854317
2.684420	1.003571	1.002683	1.176915	1.175874	1.000887	0.853468	0.852713
2.720812	1.004431	1.005313	1.174822	1.175854	0.999117	0.854214	0.854964
2.757215	1.001997	1.002089	1.175733	1.175841	0.999908	0.852153	0.852232
2.793607	1.002075	0.999346	1.179046	1.175834	1.002730	0.852225	0.849904
2.830010	1.003434	1.003072	1.176256	1.175832	1.000362	0.853382	0.853074
2.866391	1.001347	1.000230	1.177148	1.175835	1.001117	0.851605	0.850655
2.902784	1.001431	0.998951	1.178759	1.175840	1.002480	0.851672	0.849563
2.939164	1.002087	1.001082	1.177030	1.175849	1.001006	0.852225	0.851370
2.975568	0.999925	0.999219	1.176689	1.175858	1.000706	0.850379	0.849778
3.011971	1.000050	1.000431	1.175421	1.175868	0.999619	0.850478	0.850802
3.048352	1.000269	0.999373	1.176933	1.175878	1.000896	0.850657	0.849895
3.084732	0.997899	0.997717	1.176101	1.175887	1.000182	0.848635	0.848481
3.121169	1.000359	0.998928	1.177578	1.175894	1.001431	0.850722	0.849505
3.157517	0.998367	0.998164	1.176137	1.175899	1.000203	0.849024	0.848852
3.193909	0.999627	1.000396	1.174997	1.175900	0.999231	0.850095	0.850749
3.230313	0.999339	1.001300	1.173596	1.175899	0.998039	0.849851	0.851519
3.266704	1.002193	1.003262	1.174641	1.175893	0.998931	0.852282	0.853191
3.303096	1.003477	1.003500	1.175857	1.175885	0.999977	0.853380	0.853400
3.339489	1.001323	1.002751	1.174196	1.175871	0.998571	0.851558	0.852773
3.375881	1.003331	1.003387	1.175789	1.175855	0.999944	0.853278	0.853326
3.412283	1.000580	1.001702	1.174516	1.175833	0.998878	0.850954	0.851908
3.448653	0.996776	1.000372	1.171582	1.175809	0.996404	0.847737	0.850795
3.485046	0.999335	1.000542	1.174362	1.175781	0.998793	0.849934	0.850960
3.521461	0.998633	1.000378	1.173698	1.175749	0.998255	0.849359	0.850843
3.557841	0.998839	0.998977	1.175552	1.175714	0.999862	0.849559	0.849677
3.594222	0.997389	0.998836	1.173975	1.175677	0.998553	0.848353	0.849583
3.630614	1.001720	0.998751	1.179134	1.175638	1.002970	0.852065	0.849539
3.667017	0.999457	0.998703	1.176485	1.175598	1.000754	0.850169	0.849528
3.706332	1.000854	0.998975	1.177764	1.175553	1.001879	0.851390	0.849792
3.747069	0.997172	0.997697	1.174888	1.175506	0.999475	0.848292	0.848738
3.783483	1.000195	0.998491	1.177471	1.175465	1.001705	0.850894	0.849443
3.819852	0.996475	0.998191	1.173404	1.175424	0.998284	0.847758	0.849218
3.858067	1.001066	0.999781	1.176892	1.175382	1.001285	0.851694	0.850601
3.896293	1.001259	1.001261	1.175341	1.175343	0.999999	0.851887	0.851888
3.932684	1.001258	1.001763	1.174716	1.175308	0.999496	0.851912	0.852341
3.969077	1.001778	1.000842	1.176375	1.175275	1.000937	0.852377	0.851581
4.005458	1.001952	1.001477	1.175803	1.175246	1.000475	0.852547	0.852143
4.041850	1.000976	0.999539	1.176910	1.175220	1.001437	0.851735	0.850512
4.078253	0.999299	0.999488	1.174975	1.175198	0.999810	0.850324	0.850485
4.114634	0.998955	0.998548	1.175659	1.175179	1.000408	0.850045	0.849698
4.151026	0.998462	0.998213	1.175458	1.175165	1.000249	0.849635	0.849423
4.187429	0.999897	1.000020	1.175011	1.175155	0.999877	0.850864	0.850968
4.223833	0.997781	0.998352	1.174477	1.175149	0.999430	0.849068	0.849553
4.260214	0.996377	0.997806	1.173463	1.175146	0.998571	0.847875	0.849091
4.296594	0.999926	0.999210	1.175990	1.175148	1.000716	0.850893	0.850284
4.332987	0.997323	0.997354	1.175117	1.175153	0.999969	0.848675	0.848702
4.372301	0.998376	0.997574	1.176107	1.175162	1.000802	0.849565	0.848882
4.409426	0.997164	0.997570	1.174696	1.175174	0.999595	0.848525	0.848870
4.445796	1.000572	0.999509	1.176438	1.175188	1.001063	0.851414	0.850510
4.482200	1.003527	1.001444	1.177648	1.175205	1.002082	0.853916	0.852145
4.518581	1.000338	1.002286	1.172938	1.175222	0.998052	0.851191	0.852848
4.554973	1.004219	1.003327	1.176287	1.175242	1.000892	0.854478	0.853719
4.591375	1.003793	1.004059	1.174950	1.175262	0.999733	0.854101	0.854328
4.627769	1.002302	1.001880	1.175777	1.175282	1.000422	0.852818	0.852459
4.664149	1.001346	1.002955	1.173416	1.175302	0.998391	0.851991	0.853359
4.700574	1.000283	0.999073	1.176745	1.175321	1.001210	0.851072	0.850043
4.736944	1.002791	1.001645	1.176684	1.175339	1.001146	0.853193	0.852218
4.773347	0.999129	1.000445	1.173809	1.175356	0.998683	0.850065	0.851185
4.809729	1.000099	1.001015	1.174294	1.175370	0.999084	0.850880	0.851659
4.846121	0.999444	1.000129	1.174578	1.175382	0.999316	0.850314	0.850897
4.882524	0.997280	0.998749	1.173662	1.175391	0.998531	0.848466	0.849716
4.918904	0.996667	0.998301	1.173473	1.175397	0.998366	0.847940	0.849331
4.955319	0.999738	1.000056	1.175027	1.175401	0.999682	0.850550	0.850821
4.991689	0.997211	0.998210	1.174225	1.175400	0.999002	0.848401	0.849251
5.028081	0.999247	0.998769	1.175959	1.175397	1.000478	0.850135	0.849729
5.064462	0.998998	0.998159	1.176377	1.175390	1.000839	0.849930	0.849216
5.100865	0.998670	0.997935	1.176244	1.175379	1.000735	0.849658	0.849033
5.137257	0.999137	0.998918	1.175623	1.175365	1.000219	0.850065	0.849879
5.173660	0.998709	0.999276	1.174681	1.175349	0.999433	0.849713	0.850196
5.210030	1.001718	0.999977	1.177375	1.175328	1.001741	0.852287	0.850806
5.246443	1.001082	1.001138	1.175240	1.175306	0.999944	0.851763	0.851811
5.282847	1.001595	1.001816	1.175023	1.175282	0.999779	0.852217	0.852405
5.319229	1.004413	1.003899	1.175857	1.175256	1.000514	0.854633	0.854196
5.355631	1.003630	1.002301	1.176787	1.175228	1.001329	0.853987	0.852856
5.392002	1.000857	1.001594	1.174335	1.175200	0.999263	0.851648	0.852275
5.428393	1.004807	1.003498	1.176705	1.175171	1.001309	0.855030	0.853916
5.464808	1.003563	1.002534	1.176350	1.175143	1.001029	0.853992	0.853116
5.501189	0.998822	0.999936	1.173806	1.175115	0.998886	0.849978	0.850926
5.537592	1.001639	1.003333	1.173106	1.175089	0.998307	0.852394	0.853835
5.573985	0.998546	1.000116	1.173220	1.175065	0.998430	0.849780	0.851116
5.610410	0.998715	0.998834	1.174902	1.175043	0.999881	0.849939	0.850041
5.646790	0.998432	0.998362	1.175106	1.175024	1.000070	0.849712	0.849653
5.683193	1.000401	0.999072	1.176571	1.175008	1.001329	0.851399	0.850269
5.719574	0.998188	0.998093	1.175107	1.174996	1.000095	0.849525	0.849444
5.755967	0.999801	0.998888	1.176063	1.174989	1.000913	0.850903	0.850125
5.792381	0.999123	0.999680	1.174330	1.174985	0.999443	0.850328	0.850803
5.828763	0.996976	0.997913	1.173883	1.174987	0.999062	0.848499	0.849297
5.865154	0.999179	0.998330	1.175993	1.174994	1.000849	0.850370	0.849647
5.901535	0.999159	0.999107	1.175066	1.175006	1.000051	0.850344	0.850300
5.937938	0.997324	0.997176	1.175197	1.175023	1.000148	0.848769	0.848644
5.974341	1.000654	0.999722	1.176141	1.175045	1.000932	0.851588	0.850795
6.010722	1.000812	1.000326	1.175643	1.175073	1.000486	0.851702	0.851289
6.047114	0.999830	1.001476	1.173175	1.175105	0.998355	0.850844	0.852244
6.083506	1.001437	1.001921	1.174574	1.175142	0.999516	0.852184	0.852596
6.119909	1.004611	1.004210	1.175653	1.175183	1.000401	0.854855	0.854514
6.156646	1.001049	1.000983	1.175307	1.175229	1.000066	0.851791	0.851734
6.196338	1.002121	1.001318	1.176224	1.175282	1.000802	0.852664	0.851981
6.232708	1.000539	0.999967	1.176006	1.175333	1.000572	0.851281	0.850794
6.269101	0.999071	1.000428	1.173792	1.175387	0.998642	0.849993	0.851148
6.305503	0.998692	0.999075	1.174991	1.175442	0.999616	0.849631	0.849957
6.341895	1.000627	1.000003	1.176233	1.175499	1.000624	0.851236	0.850705
6.378287	1.000251	1.001861	1.173666	1.175555	0.998390	0.850875	0.852245
6.414702	1.000355	0.999412	1.176719	1.175610	1.000943	0.850924	0.850122
6.451060	1.001014	0.999963	1.176899	1.175664	1.001051	0.851445	0.850552
6.487453	0.998449	0.998316	1.175872	1.175715	1.000133	0.849226	0.849113
6.523855	0.999604	0.998571	1.176980	1.175764	1.001033	0.850174	0.849295
6.560247	0.998215	1.000067	1.173631	1.175808	0.998149	0.848962	0.850536
6.596639	1.000545	0.999957	1.176539	1.175848	1.000588	0.850914	0.850413
6.633032	0.999819	0.999414	1.176358	1.175882	1.000405	0.850272	0.849927
6.669424	1.000434	0.999941	1.176491	1.175910	1.000494	0.850774	0.850354
6.705828	1.003304	1.001621	1.177907	1.175932	1.001682	0.853198	0.851768
6.742208	1.003323	1.003569	1.175658	1.175947	0.999754	0.853204	0.853414
6.778600	1.003807	1.002928	1.176984	1.175953	1.000879	0.853611	0.852864
6.814981	0.999795	1.001575	1.173862	1.175952	0.998220	0.850201	0.851715
6.851373	0.999834	0.999958	1.175797	1.175942	0.999876	0.850241	0.850346
6.887776	1.000349	1.002108	1.173860	1.175924	0.998242	0.850692	0.852188
6.924169	1.000387	1.000672	1.175562	1.175897	0.999715	0.850744	0.850986
6.960571	0.998947	0.998075	1.176888	1.175861	1.000872	0.849545	0.848803
6.996941	0.998659	0.999737	1.174548	1.175816	0.998922	0.849332	0.850249
7.033345	0.998358	0.998491	1.175606	1.175763	0.999867	0.849115	0.849228
7.069726	0.998575	0.998447	1.175852	1.175701	1.000128	0.849344	0.849236
7.106128	0.996627	0.998469	1.173464	1.175632	0.998158	0.847737	0.849304
7.142510	0.996767	0.998975	1.172958	1.175556	0.997792	0.847911	0.849790
7.178924	0.998013	0.997073	1.176580	1.175472	1.000940	0.849031	0.848232
7.215305	0.997139	0.996625	1.175990	1.175383	1.000515	0.848353	0.847915
7.251697	0.997920	0.995991	1.177565	1.175288	1.001929	0.849086	0.847444
7.288078	0.998063	0.998861	1.174249	1.175189	0.999201	0.849279	0.849958
7.324470	0.999794	0.998480	1.176632	1.175086	1.001314	0.850826	0.849709
7.360861	1.001330	1.000712	1.175705	1.174980	1.000618	0.852210	0.851684
7.397265	1.001823	1.002863	1.173653	1.174872	0.998960	0.852708	0.853594
7.433646	1.001731	1.001166	1.175427	1.174764	1.000565	0.852708	0.852227
7.470060	1.004102	1.004203	1.174538	1.174656	0.999899	0.854805	0.854891
7.506441	0.998757	0.998111	1.175309	1.174549	1.000646	0.850333	0.849783
7.542834	1.002904	1.001949	1.175564	1.174445	1.000955	0.853939	0.853126
7.579214	0.997462	0.997804	1.173941	1.174344	0.999658	0.849378	0.849670
7.615618	0.997795	0.999487	1.172260	1.174248	0.998308	0.849731	0.851172
7.652032	0.998211	0.997912	1.174508	1.174156	1.000299	0.850152	0.849897
7.688391	0.997971	0.998819	1.173074	1.174072	0.999151	0.850008	0.850731
7.724804	0.997325	0.997831	1.173398	1.173994	0.999493	0.849514	0.849946
7.761175	0.998159	0.998506	1.173518	1.173925	0.999654	0.850275	0.850570
7.797589	0.997056	0.995513	1.175683	1.173864	1.001543	0.849379	0.848065
7.833959	0.997064	0.996889	1.174018	1.173813	1.000175	0.849423	0.849274
7.870361	0.997576	0.996474	1.175069	1.173772	1.001102	0.849889	0.848950
7.906754	0.999512	0.997149	1.176523	1.173740	1.002364	0.851562	0.849548
7.943146	0.997298	0.996703	1.174421	1.173720	1.000595	0.849690	0.849183
7.979527	0.998438	0.998397	1.173760	1.173711	1.000041	0.850668	0.850633
8.015930	1.001075	0.999871	1.175127	1.173713	1.001204	0.852912	0.851887
8.052322	0.998970	0.997962	1.174911	1.173726	1.001008	0.851110	0.850251
8.088715	0.999328	0.999371	1.173700	1.173751	0.999957	0.851397	0.851434
8.125106	0.997892	0.999481	1.171919	1.173785	0.998411	0.850149	0.851503
8.161487	0.999865	1.000090	1.173567	1.173831	0.999776	0.851797	0.851988
8.197879	0.997604	0.999159	1.172059	1.173886	0.998445	0.849830	0.851155
8.234293	0.998654	0.998316	1.174349	1.173952	1.000338	0.850678	0.850390
8.270675	0.997539	0.997515	1.174055	1.174025	1.000025	0.849674	0.849653
8.307078	0.995033	0.996873	1.171941	1.174108	0.998160	0.847480	0.849047
8.343448	0.998156	0.998743	1.173508	1.174198	0.999413	0.850075	0.850575
8.379840	0.995471	0.996914	1.172594	1.174294	0.998557	0.847719	0.848948
8.416243	0.996087	0.995467	1.175128	1.174397	1.000620	0.848170	0.847642
8.452624	0.997057	0.997777	1.173655	1.174503	0.999279	0.848918	0.849531
8.489016	0.994327	0.996232	1.172367	1.174614	0.998094	0.846513	0.848136
8.525418	0.996702	0.995881	1.175696	1.174728	1.000821	0.848453	0.847754
8.561822	0.995562	0.996023	1.174300	1.174844	0.999539	0.847400	0.847792
8.598204	0.994015	0.996162	1.172428	1.174960	0.997853	0.845999	0.847827
8.634617	0.995345	0.996223	1.174040	1.175076	0.999122	0.847047	0.847794
8.670987	0.996721	0.997181	1.174650	1.175191	0.999541	0.848136	0.848527
8.707401	0.998880	0.996880	1.177662	1.175304	1.002000	0.849891	0.848189
8.743783	0.998670	0.997213	1.177130	1.175413	1.001456	0.849633	0.848394
8.780186	0.999353	0.998620	1.176381	1.175518	1.000733	0.850138	0.849515
8.816566	1.000426	0.999479	1.176732	1.175619	1.000947	0.850978	0.850173
8.852959	1.001525	0.999855	1.177677	1.175713	1.001670	0.851844	0.850424
8.889373	0.998957	0.998973	1.175783	1.175802	0.999984	0.849596	0.849610
8.925764	0.999171	0.998069	1.177181	1.175883	1.001101	0.849719	0.848783
8.962156	0.998621	0.998830	1.175711	1.175958	0.999790	0.849198	0.849376
8.998538	0.996869	0.998514	1.174086	1.176023	0.998355	0.847661	0.849060
9.034919	0.996355	0.996670	1.175710	1.176081	0.999686	0.847183	0.847450
9.071311	0.997962	0.998003	1.176080	1.176129	0.999958	0.848513	0.848549
9.107703	0.999240	0.997703	1.177981	1.176169	1.001537	0.849572	0.848265
9.144106	0.998335	0.997808	1.176821	1.176201	1.000527	0.848779	0.848332
9.180487	0.997190	0.996581	1.176941	1.176222	1.000609	0.847790	0.847273
9.216879	0.997831	0.996659	1.177618	1.176235	1.001172	0.848326	0.847329
9.253271	0.995739	0.997899	1.173694	1.176239	0.997840	0.846545	0.848381
9.289663	0.997795	0.996908	1.177281	1.176234	1.000887	0.848296	0.847542
9.326066	0.998373	0.997094	1.177730	1.176221	1.001279	0.848797	0.847709
9.362469	0.997912	0.999552	1.174270	1.176200	0.998360	0.848420	0.849815
9.398850	0.999883	0.998927	1.177297	1.176171	1.000956	0.850118	0.849305
9.435253	0.999232	0.999842	1.175417	1.176134	0.999391	0.849591	0.850109
9.471623	1.000795	1.001667	1.175066	1.176090	0.999128	0.850951	0.851692
9.508038	0.998227	1.000419	1.173462	1.176039	0.997808	0.848804	0.850668
9.544408	1.000632	0.997938	1.179157	1.175983	1.002693	0.850890	0.848599
9.580810	0.998155	0.998190	1.175879	1.175921	0.999965	0.848828	0.848859
9.617203	0.996660	0.997474	1.174893	1.175853	0.999186	0.847606	0.848299
9.653595	0.995162	0.996721	1.173941	1.175781	0.998441	0.846384	0.847710
9.689986	0.997255	0.997605	1.175293	1.175705	0.999651	0.848219	0.848517
9.726367	0.996509	0.996471	1.175670	1.175625	1.000038	0.847642	0.847610
9.762781	0.996118	0.997024	1.174474	1.175542	0.999095	0.847370	0.848140
9.799174	0.996178	0.997005	1.174480	1.175455	0.999173	0.847483	0.848187
9.835555	0.995973	0.997258	1.173852	1.175367	0.998715	0.847372	0.848465
9.871946	0.995362	0.995468	1.175151	1.175276	0.999894	0.846917	0.847008
9.908328	0.998441	0.996107	1.177938	1.175184	1.002334	0.849603	0.847617
9.944720	0.996671	0.995177	1.176855	1.175091	1.001494	0.848165	0.846894
9.981124	0.995612	0.995331	1.175329	1.174997	1.000281	0.847332	0.847093
10.017504	0.995092	0.995566	1.174343	1.174903	0.999526	0.846957	0.847361
10.053907	0.994055	0.995367	1.173260	1.174808	0.998689	0.846143	0.847259
10.090288	0.996465	0.995437	1.175927	1.174714	1.001028	0.848262	0.847387
10.126680	0.996419	0.997105	1.173812	1.174621	0.999314	0.848290	0.848874
10.163095	0.997122	0.995545	1.176388	1.174528	1.001576	0.848955	0.847613
10.199475	0.998632	0.998617	1.174454	1.174437	1.000014	0.850307	0.850294
10.235878	0.994578	0.995799	1.172908	1.174348	0.998779	0.846919	0.847959
10.275537	0.994897	0.995196	1.173901	1.174254	0.999701	0.847258	0.847513
10.312285	0.996664	0.995512	1.175529	1.174170	1.001153	0.848825	0.847843
10.348666	0.994542	0.994486	1.174156	1.174090	1.000056	0.847075	0.847027
10.385069	0.994862	0.994479	1.174467	1.174015	1.000383	0.847402	0.847075
10.421472	0.994473	0.995174	1.173118	1.173944	0.999300	0.847122	0.847718
10.457876	0.994797	0.994766	1.173915	1.173879	1.000031	0.847444	0.847418
10.494268	0.996169	0.995429	1.174693	1.173820	1.000740	0.848655	0.848025
10.530638	0.994103	0.994304	1.173531	1.173769	0.999799	0.846933	0.847104
10.567029	0.995166	0.994439	1.174583	1.173725	1.000727	0.847870	0.847251
10.603422	0.993994	0.995703	1.171676	1.173690	0.998291	0.846896	0.848352
10.639814	0.994586	0.994781	1.173436	1.173666	0.999805	0.847418	0.847584
10.676206	0.995087	0.994160	1.174747	1.173652	1.000927	0.847855	0.847065
10.712597	0.992477	0.994509	1.171253	1.173651	0.997969	0.845633	0.847363
10.749001	0.995649	0.994945	1.174492	1.173661	1.000705	0.848327	0.847727
10.785393	0.996163	0.995791	1.174123	1.173686	1.000371	0.848747	0.848431
10.821785	0.995134	0.995522	1.173267	1.173725	0.999612	0.847843	0.848174
10.858177	0.995703	0.995451	1.174075	1.173779	1.000252	0.848289	0.848074
10.894558	0.996200	0.995899	1.174203	1.173848	1.000301	0.848662	0.848405
10.930972	0.995069	0.994686	1.174386	1.173934	1.000383	0.847637	0.847310
10.967353	0.996705	0.996673	1.174074	1.174035	1.000033	0.848957	0.848929
11.003757	0.996742	0.995542	1.175568	1.174152	1.001200	0.848903	0.847881
11.040127	0.991652	0.994799	1.170570	1.174285	0.996853	0.844473	0.847153
11.076551	0.995336	0.995021	1.174804	1.174433	1.000315	0.847504	0.847236
11.112922	0.995997	0.994840	1.175959	1.174592	1.001158	0.847951	0.846966
11.149302	0.995534	0.995311	1.175027	1.174764	1.000223	0.847433	0.847243
11.185706	0.995689	0.996261	1.174271	1.174945	0.999428	0.847434	0.847921
11.222086	0.996466	0.995980	1.175706	1.175132	1.000487	0.847962	0.847547
11.258501	0.996197	0.996061	1.175480	1.175320	1.000136	0.847596	0.847481
11.294904	0.994761	0.996526	1.173425	1.175507	0.998235	0.846240	0.847741
11.331285	0.996293	0.996136	1.175871	1.175686	1.000157	0.847415	0.847281
11.367666	0.996669	0.996485	1.176069	1.175851	1.000184	0.847615	0.847458
11.404079	0.996294	0.996135	1.176185	1.175996	1.000160	0.847192	0.847056
11.440439	0.995471	0.996943	1.174376	1.176112	0.998528	0.846409	0.847660
11.476842	0.999250	0.997865	1.177822	1.176190	1.001385	0.849565	0.848388
11.513256	0.998565	0.997561	1.177404	1.176220	1.001004	0.848961	0.848108
11.549626	0.996933	0.997635	1.175364	1.176191	0.999299	0.847595	0.848191
11.586040	0.996676	0.997061	1.175635	1.176089	0.999615	0.847450	0.847777
11.622398	0.997192	0.996635	1.176559	1.175902	1.000557	0.848023	0.847550
11.658836	0.997134	0.996454	1.176415	1.175613	1.000679	0.848182	0.847604
11.695206	0.997179	0.997436	1.174905	1.175208	0.999743	0.848513	0.848732
11.731608	0.996964	0.997406	1.174146	1.174667	0.999558	0.848720	0.849097
11.768001	0.996201	0.997298	1.172682	1.173973	0.998903	0.848573	0.849507
11.817122	0.995075	0.994518	1.173414	1.172756	1.000557	0.848493	0.848017
