0.020559	0.993060	0.988234	0.004827	1.003062	0.998215	0.996716	0.994831	0.989995
0.056948	0.993982	0.991903	0.002079	1.000370	0.998262	0.996802	0.995707	0.993625
0.093348	0.985499	0.990245	-0.004747	0.993588	0.998309	0.996888	0.987164	0.991918
0.129727	0.986728	0.989925	-0.003197	0.995192	0.998356	0.996975	0.988349	0.991551
0.166105	0.990202	0.990230	-0.000027	0.998407	0.998403	0.997062	0.991782	0.991809
0.202494	0.988701	0.992571	-0.003870	0.994609	0.998450	0.997149	0.990231	0.994107
0.238905	0.987883	0.990843	-0.002959	0.995556	0.998498	0.997236	0.989366	0.992329
0.275272	0.994363	0.990799	0.003564	1.002134	0.998546	0.997324	0.995807	0.992239
0.311662	0.988715	0.989588	-0.000872	0.997745	0.998594	0.997413	0.990104	0.990978
0.350240	0.985787	0.988889	-0.003102	0.995558	0.998645	0.997506	0.987121	0.990228
0.388107	0.992945	0.988989	0.003956	1.002665	0.998695	0.997599	0.994239	0.990278
0.424474	0.982973	0.985983	-0.003010	0.995741	0.998743	0.997688	0.984207	0.987221
0.460863	0.974946	0.985047	-0.010101	0.988709	0.998792	0.997778	0.976122	0.986235
0.497253	0.980878	0.977286	0.003592	1.002441	0.998841	0.997867	0.982013	0.978417
0.533642	0.988237	0.985487	0.002750	1.001655	0.998890	0.997957	0.989333	0.986580
0.570042	0.984695	0.984642	0.000053	0.999014	0.998939	0.998047	0.985739	0.985686
0.606421	0.993830	0.988419	0.005411	1.004426	0.998988	0.998138	0.994834	0.989418
0.642798	0.988706	0.989280	-0.000574	0.998483	0.999037	0.998229	0.989657	0.990232
0.681399	0.992347	0.986222	0.006125	1.005237	0.999090	0.998325	0.993249	0.987119
0.719232	0.990578	0.988218	0.002359	1.001511	0.999141	0.998420	0.991428	0.989066
0.755621	0.990693	0.988341	0.002353	1.001559	0.999191	0.998511	0.991494	0.989140
0.792011	0.990326	0.989747	0.000579	0.999831	0.999241	0.998603	0.991077	0.990498
0.828411	0.994317	0.992130	0.002187	1.001501	0.999290	0.998694	0.995022	0.992833
0.864789	0.990921	0.990200	0.000721	1.000079	0.999340	0.998786	0.991575	0.990853
0.901179	0.992070	0.990403	0.001667	1.001079	0.999390	0.998878	0.992675	0.991007
0.937569	0.991280	0.992516	-0.001235	0.998223	0.999440	0.998970	0.991835	0.993071
0.973957	0.994390	0.991504	0.002886	1.002393	0.999490	0.999062	0.994897	0.992010
1.010347	0.994658	0.990564	0.004094	1.003645	0.999541	0.999155	0.995115	0.991019
1.046736	0.993112	0.993930	-0.000818	0.998791	0.999591	0.999247	0.993519	0.994337
1.084592	0.989035	0.994524	-0.005489	0.994173	0.999643	0.999343	0.989388	0.994879
1.123171	0.995740	0.993119	0.002621	1.002332	0.999697	0.999442	0.996043	0.993421
1.159559	0.992257	0.989309	0.002947	1.002699	0.999747	0.999534	0.992508	0.989560
1.195938	0.984390	0.987207	-0.002818	0.996987	0.999797	0.999627	0.984590	0.987408
1.232337	0.990620	0.989769	0.000852	1.000710	0.999848	0.999720	0.990772	0.989921
1.268727	0.999916	0.987503	0.012413	1.012315	0.999898	0.999813	1.000019	0.987605
1.305105	0.990322	0.986930	0.003392	1.003347	0.999949	0.999906	0.990374	0.986982
1.341483	0.989380	0.987390	0.001990	1.002004	0.999999	0.999998	0.989382	0.987392
1.377883	0.995293	0.991063	0.004231	1.004298	1.000050	1.000091	0.995246	0.991015
1.414273	0.987942	0.989668	-0.001726	0.998384	1.000100	1.000184	0.987845	0.989571
1.450662	0.991024	0.990592	0.000431	1.000588	1.000151	1.000277	0.990877	0.990446
1.487041	0.994044	0.991698	0.002346	1.002565	1.000201	1.000370	0.993847	0.991502
1.523452	0.991223	0.992959	-0.001736	0.998534	1.000251	1.000463	0.990977	0.992712
1.559818	0.990444	0.992499	-0.002055	0.998261	1.000302	1.000555	0.990148	0.992202
1.596219	1.003226	0.996609	0.006618	1.006986	1.000352	1.000648	1.002876	0.996261
1.632586	0.997425	0.994401	0.003024	1.003435	1.000402	1.000740	0.997027	0.994004
1.668997	0.995347	0.995663	-0.000316	1.000154	1.000453	1.000833	0.994900	0.995216
1.705376	0.992436	0.993615	-0.001179	0.999335	1.000503	1.000925	0.991941	0.993119
1.741776	0.999196	0.996195	0.003000	1.003568	1.000553	1.001018	0.998647	0.995648
1.778154	0.996935	0.997421	-0.000487	1.000128	1.000603	1.001110	0.996338	0.996824
1.814566	0.997568	0.997552	0.000016	1.000683	1.000653	1.001202	0.996921	0.996906
1.850956	0.996784	0.996572	0.000212	1.000926	1.000703	1.001294	0.996088	0.995876
1.887355	0.995196	0.997756	-0.002560	0.998205	1.000753	1.001385	0.994452	0.997010
1.923733	0.995047	0.998857	-0.003810	0.997002	1.000803	1.001477	0.994253	0.998061
1.960134	0.994741	0.996129	-0.001388	0.999476	1.000852	1.001568	0.993899	0.995285
1.996501	0.994869	0.993285	0.001584	1.002495	1.000902	1.001659	0.993978	0.992395
2.032900	0.989898	0.993029	-0.003131	0.997826	1.000951	1.001750	0.988962	0.992090
2.069291	0.996051	0.990783	0.005268	1.006267	1.001001	1.001841	0.995061	0.989798
2.105691	0.989767	0.991137	-0.001370	0.999680	1.001050	1.001932	0.988735	0.990103
2.142091	0.987835	0.991983	-0.004148	0.996955	1.001099	1.002022	0.986756	0.990900
2.178469	0.995322	0.993515	0.001808	1.002964	1.001148	1.002112	0.994187	0.992382
2.214848	0.992435	0.994416	-0.001981	0.999224	1.001197	1.002202	0.991255	0.993234
2.251258	0.991390	0.995033	-0.003643	0.997604	1.001245	1.002291	0.990163	0.993802
2.287648	0.999309	0.997140	0.002169	1.003474	1.001294	1.002380	0.998024	0.995858
2.324015	0.991546	0.993802	-0.002256	0.999090	1.001342	1.002469	0.990224	0.992477
2.360427	0.994769	0.994776	-0.000007	1.001389	1.001390	1.002558	0.993395	0.993402
2.396794	0.994059	0.996777	-0.002719	0.998726	1.001438	1.002646	0.992638	0.995353
2.433193	0.996841	0.997138	-0.000296	1.001195	1.001486	1.002734	0.995369	0.995665
2.469583	0.995021	0.996858	-0.001837	0.999701	1.001534	1.002822	0.993505	0.995339
2.505973	1.000248	0.997492	0.002757	1.004341	1.001581	1.002909	0.998676	0.995924
2.542351	0.996458	0.998858	-0.002400	0.999236	1.001629	1.002996	0.994846	0.997242
2.581651	1.001971	0.999100	0.002871	1.004554	1.001679	1.003090	1.000299	0.997433
2.618784	0.996747	0.998929	-0.002182	0.999545	1.001727	1.003178	0.995036	0.997215
2.655174	0.998297	0.997600	0.000697	1.002473	1.001774	1.003264	0.996538	0.995841
2.691553	1.000280	0.998409	0.001871	1.003697	1.001820	1.003349	0.998471	0.996603
2.727942	0.990491	0.995774	-0.005283	0.996584	1.001866	1.003434	0.988654	0.993927
2.764341	0.992051	0.991850	0.000201	1.002095	1.001912	1.003519	0.990166	0.989966
2.800720	0.990422	0.992491	-0.002069	0.999879	1.001958	1.003603	0.988495	0.990560
2.837120	0.994445	0.994502	-0.000056	1.001940	1.002004	1.003687	0.992465	0.992522
2.873510	0.995224	0.995541	-0.000317	1.001733	1.002049	1.003770	0.993198	0.993514
2.909887	0.991568	0.998277	-0.006709	0.995389	1.002094	1.003853	0.989505	0.996201
2.946288	0.998495	0.997732	0.000763	1.002901	1.002139	1.003935	0.996374	0.995612
2.982677	0.994311	0.998873	-0.004562	0.997626	1.002183	1.004017	0.992154	0.996706
3.019067	0.992426	0.997589	-0.005163	0.997067	1.002228	1.004099	0.990230	0.995381
3.055444	1.000269	0.997564	0.002705	1.004976	1.002272	1.004180	0.998012	0.995313
3.092201	1.002100	0.999620	0.002480	1.004798	1.002316	1.004261	0.999795	0.997320
3.131879	0.998698	0.999693	-0.000995	1.001369	1.002363	1.004348	0.996354	0.997346
3.168267	1.006018	1.000432	0.005586	1.007997	1.002406	1.004427	1.003613	0.998041
3.205036	0.995675	1.000470	-0.004795	0.997659	1.002450	1.004507	0.993252	0.998036
3.244669	1.001289	0.999720	0.001568	1.004068	1.002496	1.004592	0.998807	0.997242
3.281069	1.004589	1.000833	0.003756	1.006298	1.002538	1.004670	1.002056	0.998310
3.317458	0.997464	1.001205	-0.003741	0.998839	1.002580	1.004747	0.994908	0.998639
3.353836	0.997430	1.000007	-0.002577	1.000047	1.002621	1.004823	0.994834	0.997404
3.390225	0.998303	0.997846	0.000457	1.003115	1.002663	1.004899	0.995663	0.995207
3.426614	0.993922	0.994406	-0.000485	1.002203	1.002704	1.004975	0.991253	0.991736
3.465193	0.988530	0.995542	-0.007012	0.995726	1.002747	1.005054	0.985833	0.992826
3.503038	0.988416	0.995388	-0.006972	0.995802	1.002789	1.005131	0.985679	0.992631
3.539426	0.992238	0.995161	-0.002923	0.999888	1.002828	1.005204	0.989451	0.992366
3.575816	0.994844	0.998096	-0.003252	0.999613	1.002868	1.005277	0.992011	0.995254
3.612206	0.996827	0.996585	0.000242	1.003140	1.002907	1.005349	0.993949	0.993708
3.648595	1.008621	0.998986	0.009634	1.012577	1.002946	1.005421	1.005670	0.996064
3.684984	1.002092	0.999325	0.002766	1.005747	1.002985	1.005492	0.999122	0.996364
3.721395	0.995970	0.999788	-0.003818	0.999199	1.003023	1.005562	0.992981	0.996787
3.757763	1.001901	1.001059	0.000842	1.003904	1.003061	1.005631	0.998857	0.998017
3.794174	0.995915	1.002377	-0.006462	0.996640	1.003098	1.005700	0.992852	0.999294
3.830552	1.000769	1.002098	-0.001329	1.001809	1.003135	1.005768	0.997654	0.998979
3.866930	1.004091	1.001924	0.002167	1.005340	1.003172	1.005836	1.000929	0.998769
3.903308	0.997995	1.002284	-0.004289	0.998920	1.003208	1.005903	0.994817	0.999092
3.939709	1.008463	1.003337	0.005126	1.008372	1.003244	1.005969	1.005215	1.000106
3.976097	1.000779	1.000897	-0.000118	1.003157	1.003279	1.006034	0.997521	0.997638
4.012487	0.998366	1.000606	-0.002240	1.001070	1.003314	1.006099	0.995081	0.997314
4.048899	0.999062	0.999137	-0.000075	1.003266	1.003349	1.006162	0.995741	0.995816
4.085277	0.994336	0.998240	-0.003904	0.999461	1.003383	1.006225	0.990997	0.994888
4.123099	0.993107	0.997732	-0.004625	0.998779	1.003419	1.006290	0.989737	0.994346
4.161699	0.997663	0.997534	0.000129	1.003569	1.003454	1.006355	0.994243	0.994114
4.198056	1.001225	0.997370	0.003855	1.007327	1.003487	1.006416	0.997760	0.993918
4.234478	1.005051	0.999923	0.005128	1.008641	1.003520	1.006476	1.001540	0.996430
4.270846	1.002533	0.999454	0.003080	1.006625	1.003552	1.006535	0.998999	0.995931
4.307268	0.998307	1.001976	-0.003669	0.999914	1.003584	1.006594	0.994756	0.998412
4.343624	1.000948	1.000972	-0.000024	1.003586	1.003615	1.006651	0.997357	0.997381
4.380024	1.002477	0.999670	0.002807	1.006443	1.003646	1.006708	0.998850	0.996053
4.416403	1.003506	1.001341	0.002165	1.005838	1.003676	1.006764	0.999845	0.997688
4.452803	0.999140	1.001618	-0.002478	1.001223	1.003706	1.006819	0.995465	0.997934
4.489182	1.007068	1.000857	0.006211	1.009938	1.003736	1.006873	1.003335	0.997147
4.525581	1.008538	1.002279	0.006259	1.010021	1.003765	1.006927	1.004771	0.998535
4.561970	1.001168	1.001320	-0.000152	1.003636	1.003793	1.006980	0.997399	0.997551
4.598359	1.007315	1.001250	0.006065	1.009881	1.003821	1.007031	1.003495	0.997454
4.634738	1.006006	1.002813	0.003193	1.007039	1.003849	1.007082	1.002164	0.998983
4.671138	0.997380	1.002433	-0.005053	0.998814	1.003876	1.007132	0.993544	0.998578
4.707527	1.006632	1.003346	0.003286	1.007187	1.003903	1.007182	1.002734	0.999461
4.743917	0.999979	0.999813	0.000166	1.004076	1.003929	1.007230	0.996081	0.995915
4.780305	1.001740	0.999707	0.002033	1.005974	1.003955	1.007277	0.997809	0.995784
4.816706	1.001877	0.999246	0.002631	1.006592	1.003981	1.007324	0.997921	0.995300
4.853074	0.993024	1.000411	-0.007387	0.996606	1.004005	1.007370	0.989078	0.996435
4.889473	0.994567	0.997472	-0.002905	1.001091	1.004030	1.007415	0.990591	0.993484
4.925851	0.999899	1.000519	-0.000620	1.003424	1.004054	1.007459	0.995878	0.996495
4.962263	0.993736	0.999200	-0.005464	0.998596	1.004077	1.007502	0.989717	0.995158
4.998641	1.006074	0.999759	0.006315	1.010404	1.004100	1.007544	1.001982	0.995693
5.035042	0.993784	0.999043	-0.005259	0.998838	1.004122	1.007585	0.989720	0.994957
5.071420	1.005194	1.002060	0.003134	1.007272	1.004144	1.007625	1.001061	0.997940
5.107820	1.004166	1.002092	0.002074	1.006234	1.004166	1.007665	1.000016	0.997951
5.144198	1.008808	1.002850	0.005958	1.010142	1.004186	1.007703	1.004618	0.998685
5.180599	1.002209	1.002990	-0.000782	1.003423	1.004207	1.007740	0.998026	0.998805
5.216965	0.997951	1.003327	-0.005376	0.998850	1.004227	1.007777	0.993767	0.999120
5.253366	1.002034	1.001721	0.000312	1.004548	1.004246	1.007813	0.997813	0.997502
5.289744	1.005629	1.003823	0.001806	1.006071	1.004265	1.007847	1.001375	0.999576
5.326155	1.005154	1.006217	-0.001064	1.003225	1.004283	1.007881	1.000883	1.001942
5.362522	1.002726	1.002900	-0.000175	1.004122	1.004301	1.007914	0.998448	0.998622
5.398934	1.007576	1.003626	0.003950	1.008267	1.004318	1.007946	1.003260	0.999327
5.435312	1.000770	1.002182	-0.001412	1.002916	1.004335	1.007977	0.996467	0.997873
5.471712	1.000198	1.001058	-0.000860	1.003479	1.004351	1.008006	0.995881	0.996737
5.508090	0.998207	0.998872	-0.000665	1.003678	1.004367	1.008035	0.993884	0.994546
5.544480	0.998586	0.998185	0.000401	1.004761	1.004382	1.008063	0.994246	0.993847
5.580879	0.992918	0.998207	-0.005289	0.999086	1.004397	1.008090	0.988588	0.993854
5.617280	0.996822	0.997908	-0.001085	1.003296	1.004411	1.008116	0.992461	0.993542
5.653670	1.005920	1.000987	0.004933	1.009347	1.004425	1.008141	1.001506	0.996594
5.690058	1.002617	0.999833	0.002784	1.007203	1.004438	1.008165	0.998204	0.995432
5.726426	1.001080	1.000006	0.001074	1.005507	1.004450	1.008188	0.996661	0.995592
5.762826	1.001689	1.001316	0.000373	1.004825	1.004462	1.008210	0.997256	0.996884
5.799226	0.997743	1.000296	-0.002553	1.001905	1.004474	1.008231	0.993316	0.995858
5.835627	0.990916	1.002436	-0.011521	0.992957	1.004484	1.008251	0.986508	0.997978
5.872005	1.005674	1.003680	0.001994	1.006487	1.004495	1.008271	1.001191	0.999205
5.908393	1.005285	1.003164	0.002121	1.006621	1.004505	1.008289	1.000794	0.998683
5.944772	0.998680	1.003186	-0.004507	0.999999	1.004514	1.008306	0.994209	0.998695
5.981162	1.003550	1.002184	0.001366	1.005878	1.004523	1.008322	0.999049	0.997689
6.017562	1.005796	1.003508	0.002288	1.006815	1.004531	1.008337	1.001276	0.998999
6.053951	1.005004	1.003072	0.001932	1.006461	1.004538	1.008351	1.000481	0.998557
6.090351	1.011333	1.004602	0.006730	1.011274	1.004545	1.008364	1.006774	1.000074
6.126740	1.005696	1.004210	0.001486	1.006033	1.004552	1.008376	1.001155	0.999676
6.163108	1.004927	1.004243	0.000684	1.005241	1.004558	1.008387	1.000384	0.999703
6.199497	1.004724	1.000940	0.003784	1.008335	1.004563	1.008397	1.000177	0.996410
6.235919	0.998524	0.999885	-0.001360	1.003186	1.004568	1.008406	0.994000	0.995355
6.272287	0.993911	0.996012	-0.002100	1.002431	1.004573	1.008414	0.989404	0.991495
6.308665	0.995893	0.997305	-0.001412	1.003131	1.004576	1.008420	0.991373	0.992778
6.345065	1.001375	1.001447	-0.000072	1.004497	1.004580	1.008426	0.996827	0.996899
6.381454	0.998775	0.999453	-0.000679	1.003882	1.004582	1.008431	0.994236	0.994912
6.417832	1.000946	1.001896	-0.000951	1.003625	1.004584	1.008435	0.996395	0.997341
6.454222	0.997302	0.999659	-0.002357	1.002210	1.004586	1.008438	0.992766	0.995113
6.490644	0.995792	1.000107	-0.004315	1.000256	1.004587	1.008440	0.991262	0.995557
6.527010	1.001610	1.001397	0.000214	1.004790	1.004587	1.008440	0.997054	0.996841
6.563400	1.007761	1.003678	0.004083	1.008667	1.004587	1.008440	1.003176	0.999112
6.599779	1.004909	1.002811	0.002098	1.006678	1.004586	1.008439	1.000338	0.998250
6.636179	0.999611	1.001809	-0.002198	1.002377	1.004585	1.008437	0.995066	0.997253
6.672557	0.995458	1.001509	-0.006051	0.998522	1.004583	1.008433	0.990933	0.996957
6.708968	0.998145	1.002021	-0.003876	1.000694	1.004581	1.008429	0.993610	0.997469
6.745347	0.998037	1.001825	-0.003788	1.000775	1.004578	1.008424	0.993505	0.997276
6.781725	1.006534	1.003505	0.003029	1.007599	1.004575	1.008417	1.001968	0.998952
6.818136	1.005933	1.003263	0.002670	1.007235	1.004571	1.008410	1.001373	0.998715
6.854514	1.002772	1.001880	0.000892	1.005446	1.004566	1.008402	0.998230	0.997342
6.890903	0.991730	0.996510	-0.004779	0.999745	1.004561	1.008392	0.987244	0.992002
6.927293	0.992310	0.998753	-0.006443	0.998091	1.004555	1.008382	0.987827	0.994240
6.963671	1.000656	0.996845	0.003810	1.008330	1.004549	1.008370	0.996141	0.992347
7.000082	0.996158	0.995682	0.000476	1.004979	1.004542	1.008358	0.991670	0.991196
7.036448	0.993303	0.996573	-0.003270	1.001234	1.004535	1.008345	0.988835	0.992091
7.074661	0.993843	0.998146	-0.004303	1.000200	1.004527	1.008329	0.989380	0.993664
7.112862	0.996934	0.996839	0.000094	1.004583	1.004518	1.008313	0.992466	0.992372
7.149272	0.999767	0.999282	0.000485	1.004977	1.004509	1.008296	0.995296	0.994813
7.186728	1.001778	1.002359	-0.000581	1.003913	1.004499	1.008278	0.997307	0.997885
7.225684	0.994201	0.999500	-0.005299	0.999168	1.004488	1.008258	0.989775	0.995050
7.262084	1.000024	1.001305	-0.001281	1.003186	1.004478	1.008239	0.995582	0.996858
7.298473	0.998810	1.002037	-0.003228	1.001231	1.004466	1.008218	0.994385	0.997598
7.334852	1.000459	1.002036	-0.001577	1.002871	1.004454	1.008196	0.996038	0.997609
7.371230	0.995014	1.002629	-0.007614	0.996823	1.004442	1.008173	0.990630	0.998211
7.407619	1.002960	1.001518	0.001442	1.005863	1.004429	1.008150	0.998553	0.997118
7.444042	1.001268	1.002859	-0.001591	1.002821	1.004416	1.008125	0.996882	0.998466
7.480398	1.000311	1.001798	-0.001487	1.002908	1.004402	1.008100	0.995943	0.997423
7.516809	1.008993	1.003487	0.005506	1.009893	1.004387	1.008073	1.004601	0.999119
7.553198	1.000840	1.003750	-0.002910	1.001462	1.004372	1.008045	0.996499	0.999396
7.589576	1.003738	1.003016	0.000722	1.005076	1.004357	1.008017	0.999399	0.998681
7.625956	1.005148	0.999399	0.005749	1.010074	1.004341	1.007987	1.000819	0.995095
7.662343	0.999342	1.000206	-0.000864	1.003449	1.004324	1.007957	0.995055	0.995915
7.698744	0.994588	0.998031	-0.003443	1.000845	1.004307	1.007925	0.990338	0.993766
7.735145	1.000316	1.000117	0.000198	1.004475	1.004290	1.007893	0.996059	0.995861
7.771523	0.995636	0.999053	-0.003418	1.000839	1.004271	1.007859	0.991416	0.994819
7.807901	0.999967	1.001493	-0.001525	1.002721	1.004253	1.007825	0.995748	0.997267
7.844312	0.997817	1.000661	-0.002844	1.001381	1.004234	1.007790	0.993625	0.996458
7.880691	0.998172	1.002964	-0.004792	0.999420	1.004214	1.007753	0.993998	0.998770
7.917068	1.003554	1.002649	0.000905	1.005096	1.004194	1.007716	0.999378	0.998477
7.953457	1.004887	1.001929	0.002957	1.007125	1.004173	1.007678	1.000726	0.997781
7.989847	1.003625	1.003473	0.000152	1.004304	1.004152	1.007639	0.999490	0.999339
8.026247	1.002831	1.003333	-0.000502	1.003627	1.004130	1.007599	0.998721	0.999221
8.062625	1.001336	1.004121	-0.002785	1.001326	1.004108	1.007558	0.997254	1.000028
8.099026	1.006767	1.006206	0.000561	1.004652	1.004085	1.007517	1.002685	1.002127
8.135414	1.002144	1.004998	-0.002854	1.001213	1.004062	1.007474	0.998104	1.000946
8.171815	1.007908	1.004514	0.003394	1.007435	1.004038	1.007430	1.003868	1.000488
8.208182	1.005049	1.005629	-0.000581	1.003440	1.004014	1.007386	1.001045	1.001623
8.244582	1.006123	1.003574	0.002549	1.006541	1.003989	1.007340	1.002139	0.999600
8.280972	1.005728	1.003363	0.002365	1.006331	1.003964	1.007294	1.001770	0.999415
8.317361	1.002869	1.001274	0.001595	1.005529	1.003939	1.007247	0.998948	0.997360
8.353750	1.001913	1.001018	0.000895	1.004803	1.003912	1.007199	0.998021	0.997130
8.390150	1.003924	1.001913	0.002011	1.005894	1.003886	1.007150	1.000051	0.998048
8.426528	1.003507	1.000768	0.002738	1.006593	1.003859	1.007100	0.999663	0.996935
8.462917	1.001986	1.000994	0.000992	1.004821	1.003831	1.007050	0.998175	0.997187
8.499307	0.998179	1.002292	-0.004113	0.999691	1.003803	1.006998	0.994410	0.998507
8.535707	1.003648	1.002752	0.000896	1.004673	1.003775	1.006946	0.999887	0.998994
8.572075	1.000334	1.003556	-0.003222	1.000528	1.003746	1.006893	0.996614	0.999824
8.608474	1.000751	1.003866	-0.003115	1.000605	1.003717	1.006838	0.997058	1.000162
8.644875	1.002963	1.005141	-0.002178	1.001511	1.003687	1.006784	0.999292	1.001462
8.681265	1.006019	1.004576	0.001444	1.005106	1.003657	1.006728	1.002367	1.000929
8.717652	1.006247	1.005958	0.000289	1.003921	1.003626	1.006671	1.002625	1.002336
8.755487	1.011080	1.005615	0.005465	1.009066	1.003593	1.006612	1.007472	1.002027
8.794054	1.004541	1.003049	0.001491	1.005056	1.003560	1.006550	1.000990	0.999503
8.830454	1.007584	1.005679	0.001905	1.005441	1.003528	1.006491	1.004053	1.002155
8.866844	1.000860	1.006334	-0.005474	0.998028	1.003495	1.006431	0.997385	1.002840
8.903244	1.005871	1.004664	0.001207	1.004677	1.003462	1.006371	1.002412	1.001209
8.941088	1.011142	1.004838	0.006304	1.009739	1.003428	1.006307	1.007699	1.001417
8.979677	1.005693	1.005136	0.000557	1.003957	1.003392	1.006241	1.002305	1.001749
9.016034	1.006276	1.003297	0.002979	1.006343	1.003358	1.006178	1.002920	0.999951
9.052434	1.002711	1.003167	-0.000456	1.002873	1.003323	1.006115	0.999401	0.999855
9.088822	1.006489	1.002376	0.004113	1.007403	1.003288	1.006050	1.003201	0.999102
9.125213	1.011404	1.002336	0.009068	1.012325	1.003253	1.005985	1.008135	0.999097
9.161613	1.004209	1.002562	0.001646	1.004867	1.003217	1.005919	1.000999	0.999358
9.198012	1.003346	1.004583	-0.001237	1.001947	1.003181	1.005853	1.000175	1.001409
9.234392	1.009078	1.002459	0.006619	1.009769	1.003144	1.005786	1.005925	0.999327
9.270769	1.009254	1.004737	0.004518	1.007630	1.003107	1.005718	1.006138	1.001635
9.307180	1.003147	1.004926	-0.001779	1.001295	1.003070	1.005649	1.000087	1.001860
9.343558	1.004542	1.004105	0.000438	1.003476	1.003032	1.005580	1.001516	1.001079
9.379971	1.010141	1.004756	0.005385	1.008382	1.002994	1.005509	1.007136	1.001766
9.416338	1.009257	1.005615	0.003642	1.006606	1.002956	1.005439	1.006292	1.002661
9.452748	1.006708	1.005106	0.001602	1.004526	1.002917	1.005368	1.003790	1.002192
9.489139	1.011405	1.005592	0.005813	1.008699	1.002878	1.005296	1.008512	1.002715
9.525517	1.011583	1.005335	0.006248	1.009095	1.002838	1.005223	1.008729	1.002499
9.561883	1.011419	1.006003	0.005416	1.008222	1.002799	1.005150	1.008606	1.003205
9.598294	1.010734	1.004364	0.006370	1.009138	1.002759	1.005076	1.007962	1.001610
9.634662	1.010287	1.004248	0.006039	1.008765	1.002718	1.005001	1.007558	1.001534
9.671073	1.006088	1.003281	0.002807	1.005490	1.002677	1.004926	1.003410	1.000610
9.707451	1.006679	1.003225	0.003454	1.006098	1.002636	1.004850	1.004041	1.000596
9.743874	0.998772	1.001339	-0.002566	1.000036	1.002595	1.004774	0.996196	0.998756
9.780230	1.003069	1.002518	0.000551	1.003111	1.002553	1.004697	1.000523	0.999973
9.816641	1.000791	1.002059	-0.001268	1.001250	1.002511	1.004620	0.998293	0.999558
9.853030	1.002748	1.004125	-0.001377	1.001100	1.002468	1.004542	1.000287	1.001660
9.889408	1.003797	1.002938	0.000859	1.003292	1.002426	1.004463	1.001376	1.000519
9.925808	1.006317	1.003173	0.003145	1.005534	1.002383	1.004384	1.003933	1.000795
9.962198	1.003897	1.003582	0.000315	1.002662	1.002339	1.004305	1.001561	1.001247
9.998610	1.002456	1.003511	-0.001055	1.001250	1.002296	1.004224	1.000167	1.001220
10.034998	0.995987	1.003454	-0.007467	0.994793	1.002252	1.004144	0.993756	1.001206
10.071388	1.006214	1.003873	0.002342	1.004558	1.002208	1.004063	1.004004	1.001668
10.107765	1.002946	1.003975	-0.001029	1.001143	1.002164	1.003981	1.000787	1.001814
10.144166	1.001147	1.003643	-0.002496	0.999630	1.002119	1.003899	0.999037	1.001528
10.180555	1.006441	1.004520	0.001921	1.004002	1.002074	1.003816	1.004364	1.002447
10.216955	0.999692	1.003950	-0.004257	0.997780	1.002029	1.003733	0.997674	1.001923
10.253333	1.000504	1.005195	-0.004691	0.997295	1.001983	1.003649	0.998529	1.003211
10.289722	1.005113	1.004830	0.000284	1.002230	1.001938	1.003566	1.003175	1.002892
10.326113	1.002561	1.002728	-0.000166	1.001737	1.001892	1.003481	1.000674	1.000840
10.362491	0.998992	1.003955	-0.004962	0.996891	1.001846	1.003396	0.997157	1.002110
10.398869	0.993951	1.001360	-0.007408	0.994402	1.001800	1.003311	0.992171	0.999566
10.435268	0.999952	1.001811	-0.001859	0.999904	1.001753	1.003226	0.998207	1.000063
10.471658	0.998634	1.000047	-0.001414	1.000302	1.001706	1.003139	0.996937	0.998349
10.508047	0.995394	1.000202	-0.004808	0.996861	1.001659	1.003053	0.993749	0.998550
10.544446	1.005657	1.001697	0.003960	1.005582	1.001612	1.002966	1.004042	1.000089
10.580835	1.005225	1.002646	0.002579	1.004150	1.001565	1.002879	1.003658	1.001084
10.617204	1.004847	1.002563	0.002283	1.003806	1.001517	1.002792	1.003329	1.001049
10.653605	0.998639	1.001299	-0.002660	0.998814	1.001469	1.002704	0.997177	0.999834
10.689981	1.003595	1.003076	0.000520	1.001945	1.001422	1.002616	1.002174	1.001655
10.726382	1.002247	1.002596	-0.000349	1.001024	1.001374	1.002527	1.000875	1.001224
10.762760	1.002250	1.003881	-0.001630	0.999700	1.001325	1.002439	1.000927	1.002555
10.799161	1.006441	1.003484	0.002958	1.004238	1.001277	1.002349	1.005161	1.002207
10.839216	1.009945	1.004055	0.005890	1.007120	1.001223	1.002251	1.008714	1.002831
10.875594	1.006699	1.003364	0.003335	1.004521	1.001175	1.002162	1.005521	1.002190
10.911962	1.008003	1.003393	0.004610	1.005746	1.001126	1.002072	1.006872	1.002267
10.948361	1.008140	1.004723	0.003417	1.004493	1.001077	1.001981	1.007058	1.003645
10.984740	1.008188	1.003860	0.004329	1.005365	1.001028	1.001891	1.007155	1.002831
11.021130	1.001800	1.004444	-0.002644	0.998337	1.000979	1.001801	1.000822	1.003464
11.057530	1.005784	1.004030	0.001753	1.002688	1.000929	1.001710	1.004852	1.003100
11.093919	1.001824	1.005382	-0.003558	0.997322	1.000880	1.001619	1.000945	1.004500
11.130297	1.007827	1.005571	0.002256	1.003088	1.000830	1.001527	1.006992	1.004739
11.168520	1.001349	1.004960	-0.003611	0.997171	1.000778	1.001431	1.000572	1.004180
11.206719	0.997630	1.003170	-0.005540	0.995196	1.000726	1.001335	0.996908	1.002443
11.243119	1.004735	1.001973	0.002762	1.003448	1.000676	1.001243	1.004057	1.001297
11.279498	1.003086	1.001959	0.001128	1.001764	1.000626	1.001151	1.002460	1.001333
11.315877	1.003905	1.000648	0.003257	1.003845	1.000576	1.001059	1.003328	1.000073
11.352287	0.998982	1.000760	-0.001778	0.998758	1.000526	1.000967	0.998457	1.000234
11.388655	1.002211	1.002206	0.000005	1.000484	1.000476	1.000875	1.001735	1.001730
11.425076	1.006414	1.003472	0.002941	1.003362	1.000425	1.000782	1.005986	1.003046
11.461455	1.003899	1.003670	0.000229	1.000607	1.000375	1.000690	1.003522	1.003294
11.497834	1.003292	1.003262	0.000030	1.000360	1.000325	1.000597	1.002966	1.002936
11.534224	0.998781	1.003909	-0.005129	0.995146	1.000274	1.000505	0.998506	1.003633
11.570635	1.001316	1.004198	-0.002883	0.997340	1.000224	1.000412	1.001091	1.003973
11.607012	1.007304	1.003143	0.004161	1.004341	1.000173	1.000319	1.007128	1.002968
11.643401	1.000967	1.003444	-0.002476	0.997652	1.000123	1.000226	1.000843	1.003319
11.679790	1.004303	1.003610	0.000693	1.000771	1.000073	1.000134	1.004228	1.003536
11.716902	1.000766	1.003072	-0.002306	0.997726	1.000021	1.000039	1.000743	1.003049
11.756204	0.996816	1.003766	-0.006951	0.993023	0.999967	0.999938	0.996847	1.003798
11.792582	1.007457	1.005506	0.001950	1.001857	0.999916	0.999846	1.007539	1.005589
11.828970	1.002221	1.005058	-0.002838	0.997026	0.999866	0.999753	1.002353	1.005191
11.865359	1.000518	1.003498	-0.002981	0.996838	0.999815	0.999660	1.000700	1.003682
11.901771	0.999383	1.002919	-0.003536	0.996230	0.999765	0.999567	0.999615	1.003152
11.938159	1.008786	1.002141	0.006645	1.006364	0.999714	0.999474	1.009071	1.002425
11.974538	1.002714	1.002785	-0.000071	0.999588	0.999664	0.999382	1.003048	1.003119
12.010927	1.001997	1.001864	0.000133	0.999751	0.999614	0.999289	1.002381	1.002248
12.047317	0.999684	1.001129	-0.001445	0.998124	0.999563	0.999197	1.000117	1.001563
12.083694	1.002825	1.003032	-0.000206	0.999301	0.999513	0.999104	1.003310	1.003517
12.122639	0.999724	1.001837	-0.002113	0.997349	0.999460	0.999006	1.000261	1.002375
12.160129	1.001941	1.002876	-0.000934	0.998476	0.999408	0.998911	1.002531	1.003466
12.196517	1.008276	1.003898	0.004378	1.003722	0.999358	0.998819	1.008920	1.004539
12.232918	1.007600	1.003517	0.004083	1.003385	0.999308	0.998727	1.008294	1.004208
12.269274	1.002445	1.004267	-0.001822	0.997424	0.999258	0.998635	1.003184	1.005008
12.305685	1.003017	1.004267	-0.001250	0.997947	0.999208	0.998543	1.003807	1.005058
12.342064	1.006189	1.003946	0.002243	1.001392	0.999159	0.998452	1.007032	1.004787
12.378463	1.000472	1.003962	-0.003490	0.995613	0.999109	0.998361	1.001359	1.004852
12.414864	1.003548	1.003662	-0.000114	0.998939	0.999060	0.998270	1.004488	1.004602
12.451264	1.006198	1.005311	0.000888	0.999873	0.999010	0.998179	1.007190	1.006301
12.489820	1.003249	1.004157	-0.000908	0.998040	0.998958	0.998083	1.004290	1.005199
12.527676	1.003225	1.003545	-0.000320	0.998583	0.998907	0.997989	1.004317	1.004637
12.564043	0.999995	1.004058	-0.004063	0.994782	0.998858	0.997899	1.001132	1.005200
12.600443	1.002790	1.002581	0.000209	0.999023	0.998809	0.997809	1.003980	1.003770
12.636832	1.002997	1.003521	-0.000524	0.998225	0.998761	0.997720	1.004235	1.004760
12.673244	1.004846	1.002564	0.002282	1.000997	0.998712	0.997630	1.006135	1.003850
12.709633	1.004513	1.001305	0.003209	1.001876	0.998664	0.997541	1.005850	1.002638
12.746000	1.003551	1.000757	0.002794	1.001418	0.998616	0.997453	1.004936	1.002138
12.782423	1.004023	1.001974	0.002049	1.000616	0.998568	0.997364	1.005456	1.003404
12.818779	0.996462	1.000867	-0.004405	0.994123	0.998520	0.997276	0.997933	1.002344
12.855901	1.001338	1.002070	-0.000732	0.997742	0.998471	0.997187	1.002864	1.003597
12.895202	1.001644	1.002425	-0.000781	0.997642	0.998420	0.997092	1.003222	1.004004
12.931590	0.999549	1.002544	-0.002996	0.995380	0.998372	0.997005	1.001170	1.004171
12.967991	1.002781	1.003321	-0.000541	0.997779	0.998325	0.996919	1.004455	1.004996
13.004369	1.000944	1.002227	-0.001283	0.997000	0.998278	0.996832	1.002662	1.003948
13.040758	0.995509	1.003232	-0.007723	0.990504	0.998232	0.996747	0.997264	1.005001
13.077147	1.001467	1.003934	-0.002467	0.995705	0.998185	0.996661	1.003279	1.005751
13.113547	0.995511	1.003360	-0.007849	0.990280	0.998139	0.996576	0.997359	1.005222
13.149915	1.005112	1.002797	0.002314	1.000406	0.998093	0.996491	1.007023	1.004705
13.186315	1.006730	1.003352	0.003379	1.001419	0.998047	0.996407	1.008691	1.005306
13.222715	1.000420	1.003184	-0.002764	0.995232	0.998002	0.996323	1.002415	1.005184
13.259093	1.000295	1.001432	-0.001137	0.996827	0.997956	0.996240	1.002334	1.003473
13.295471	1.001663	1.002546	-0.000883	0.997027	0.997911	0.996157	1.003750	1.004635
13.331895	1.003789	1.001000	0.002790	1.000666	0.997867	0.996074	1.005926	1.003130
13.368272	0.998061	1.001069	-0.003007	0.994817	0.997822	0.995992	1.000230	1.003244
13.404672	1.002391	1.000549	0.001842	0.999629	0.997778	0.995911	1.004614	1.002767
13.441051	1.002783	1.001439	0.001344	0.999075	0.997734	0.995830	1.005051	1.003704
13.477429	1.004284	1.002413	0.001871	0.999555	0.997690	0.995750	1.006599	1.004724
13.513806	1.004341	1.003486	0.000856	0.998486	0.997647	0.995670	1.006700	1.005843
13.550218	1.004903	1.003043	0.001859	0.999448	0.997603	0.995590	1.007306	1.005443
13.586608	1.002382	1.003210	-0.000828	0.996718	0.997560	0.995511	1.004823	1.005653
13.622985	1.002127	1.003558	-0.001431	0.996066	0.997518	0.995433	1.004610	1.006045
13.659375	1.006911	1.004121	0.002790	1.000235	0.997476	0.995355	1.009449	1.006651
13.695775	1.003493	1.003797	-0.000303	0.997104	0.997434	0.995278	1.006064	1.006368
13.732153	1.004414	1.003195	0.001220	0.998595	0.997392	0.995201	1.007030	1.005807
13.768565	1.000235	1.004178	-0.003943	0.993368	0.997351	0.995125	1.002881	1.006834
13.808574	1.000642	1.003396	-0.002755	0.994534	0.997305	0.995042	1.003334	1.006096
14.065368	0.995464	0.994279	0.001185	0.995706	0.997026	0.994527	1.000920	0.999728
14.103223	0.991159	0.993445	-0.002286	0.992158	0.996986	0.994454	0.996664	0.998962
14.139601	0.994028	0.992687	0.001341	0.995706	0.996948	0.994384	0.999618	0.998270
14.176002	0.999133	0.994904	0.004228	0.998541	0.996910	0.994315	1.004821	1.000569
14.212379	0.997170	0.994121	0.003049	0.997289	0.996873	0.994247	1.002916	0.999850
14.248757	0.990690	0.994603	-0.003913	0.990263	0.996837	0.994179	0.996466	1.000402
14.287347	0.998824	0.995630	0.003194	0.997303	0.996798	0.994108	1.004719	1.001507
14.325191	0.995302	0.996971	-0.001669	0.992374	0.996761	0.994040	1.001245	1.002925
14.361569	0.997062	0.996644	0.000419	0.994396	0.996725	0.993974	1.003082	1.002661
14.400869	1.001099	0.997119	0.003980	0.997890	0.996687	0.993904	1.007214	1.003209
14.441637	0.999341	0.997781	0.001559	0.995397	0.996648	0.993833	1.005517	1.003948
14.478026	0.995578	0.998574	-0.002996	0.990778	0.996614	0.993770	1.001794	1.004809
14.514416	0.998468	0.997346	0.001122	0.994834	0.996580	0.993708	1.004765	1.003636
14.550804	0.998698	0.998540	0.000158	0.993809	0.996547	0.993646	1.005059	1.004900
14.587215	1.001017	0.996726	0.004291	0.997881	0.996514	0.993585	1.007453	1.003135
14.623583	0.994234	0.996244	-0.002010	0.991520	0.996481	0.993525	1.000687	1.002710
14.659962	0.995870	0.997615	-0.001745	0.991726	0.996449	0.993466	1.002393	1.004150
14.696350	0.996027	0.994259	0.001768	0.995177	0.996417	0.993408	1.002610	1.000831
14.732751	0.987162	0.994513	-0.007351	0.986000	0.996386	0.993350	0.993744	1.001144
14.769151	0.994354	0.992188	0.002166	0.995451	0.996355	0.993293	1.001041	0.998861
14.805528	0.998204	0.993700	0.004504	0.997742	0.996325	0.993237	1.004973	1.000439
14.841930	0.987017	0.992510	-0.005493	0.987683	0.996295	0.993182	0.993765	0.999296
14.878307	0.991453	0.992224	-0.000771	0.992351	0.996265	0.993128	0.998286	0.999062
14.914697	0.988272	0.992693	-0.004421	0.988649	0.996236	0.993074	0.995136	0.999588
14.951086	0.992313	0.994296	-0.001983	0.991041	0.996207	0.993022	0.999259	1.001255
14.987474	0.995332	0.994316	0.001016	0.993989	0.996179	0.992970	1.002351	1.001328
15.023853	0.994697	0.995288	-0.000590	0.992333	0.996152	0.992919	1.001763	1.002357
15.060253	0.999725	0.996410	0.003315	0.996189	0.996124	0.992869	1.006876	1.003538
15.096654	1.001501	0.995177	0.006324	0.999148	0.996098	0.992820	1.008715	1.002346
15.133054	0.988969	0.995795	-0.006826	0.985949	0.996071	0.992771	0.996141	1.003017
15.169432	0.996787	0.995684	0.001103	0.993830	0.996045	0.992724	1.004064	1.002954
15.205832	1.003270	0.997363	0.005906	0.998586	0.996020	0.992677	1.010641	1.004692
15.242200	0.994036	0.994618	-0.000583	0.992052	0.995995	0.992631	1.001386	1.001973
15.278589	1.000237	0.997400	0.002836	0.995426	0.995971	0.992586	1.007678	1.004820
15.314966	0.994959	0.996893	-0.001934	0.990613	0.995947	0.992543	1.002405	1.004354
15.351367	0.996817	0.995305	0.001512	0.994015	0.995924	0.992499	1.004321	1.002797
15.387768	0.990071	0.997254	-0.007184	0.985276	0.995901	0.992457	0.997566	1.004804
15.424156	0.998473	0.995589	0.002884	0.995306	0.995878	0.992416	1.006073	1.003167
15.460557	0.989728	0.996257	-0.006529	0.985850	0.995856	0.992376	0.997302	1.003881
15.496935	0.998527	0.994315	0.004212	0.996552	0.995835	0.992336	1.006208	1.001964
15.533323	0.998068	0.995668	0.002400	0.994703	0.995814	0.992298	1.005785	1.003366
15.569735	0.994633	0.992011	0.002623	0.994884	0.995794	0.992260	1.002361	0.999718
15.606125	0.994870	0.992321	0.002549	0.994774	0.995774	0.992224	1.002637	1.000068
15.642525	0.990901	0.993298	-0.002398	0.989794	0.995754	0.992188	0.998672	1.001088
15.678881	0.998006	0.994310	0.003696	0.995854	0.995736	0.992154	1.005869	1.002143
15.715293	0.989419	0.997241	-0.007821	0.984301	0.995717	0.992120	0.997248	1.005131
15.751680	0.994181	0.995249	-0.001068	0.991024	0.995699	0.992087	1.002080	1.003156
15.788437	0.997012	0.995355	0.001658	0.993717	0.995682	0.992055	1.004966	1.003295
15.828093	0.997871	0.996570	0.001301	0.993324	0.995664	0.992021	1.005866	1.004555
15.864482	0.993355	0.996768	-0.003413	0.988581	0.995647	0.991991	1.001343	1.004784
15.900883	0.990911	0.996292	-0.005380	0.986586	0.995632	0.991963	0.998909	1.004333
15.937261	1.003337	0.997732	0.005604	0.997539	0.995617	0.991935	1.011463	1.005813
15.973672	0.993980	0.998231	-0.004251	0.987656	0.995602	0.991908	1.002058	1.006343
16.010040	0.995121	0.997648	-0.002527	0.989353	0.995588	0.991882	1.003234	1.005782
16.046429	0.996555	0.998744	-0.002189	0.989665	0.995574	0.991857	1.004705	1.006912
16.082819	0.993182	0.998004	-0.004821	0.987011	0.995561	0.991833	1.001329	1.006190
16.119207	0.991330	0.996385	-0.005054	0.986758	0.995549	0.991810	0.999485	1.004581
16.155596	0.998310	0.994891	0.003419	0.995210	0.995537	0.991788	1.006544	1.003097
16.191996	0.993007	0.994332	-0.001325	0.990446	0.995526	0.991767	1.001218	1.002555
16.228384	0.991136	0.993907	-0.002771	0.988980	0.995515	0.991747	0.999353	1.002147
16.264763	0.986286	0.994207	-0.007922	0.983811	0.995504	0.991728	0.994481	1.002468
16.301508	0.994481	0.996571	-0.002090	0.989621	0.995495	0.991710	1.002762	1.004870
16.341187	0.999541	0.996516	0.003025	0.994719	0.995485	0.991692	1.007884	1.004833
16.377586	1.002175	0.997359	0.004816	0.996491	0.995476	0.991676	1.010555	1.005699
16.413975	1.000126	0.997449	0.002677	0.994337	0.995468	0.991661	1.008504	1.005805
16.450354	0.994232	0.996111	-0.001879	0.989771	0.995460	0.991647	1.002575	1.004470
16.486744	1.000121	0.997001	0.003120	0.994754	0.995453	0.991634	1.008526	1.005380
16.523855	1.000016	0.998003	0.002014	0.993632	0.995447	0.991622	1.008433	1.006403
16.563154	0.994706	0.998741	-0.004036	0.987571	0.995440	0.991611	1.003090	1.007159
16.599545	1.002009	0.997880	0.004129	0.995726	0.995435	0.991601	1.010465	1.006300
16.635933	0.999942	0.999520	0.000422	0.992007	0.995431	0.991592	1.008389	1.007963
16.672323	0.995127	0.997799	-0.002672	0.988909	0.995426	0.991584	1.003541	1.006235
16.708723	0.993987	0.998243	-0.004256	0.987318	0.995423	0.991578	1.002398	1.006690
16.745111	1.005556	0.997655	0.007901	0.999471	0.995420	0.991572	1.014071	1.006103
16.781490	0.997368	0.996655	0.000714	0.992282	0.995417	0.991568	1.005818	1.005098
16.817911	0.996105	0.996165	-0.000061	0.991504	0.995415	0.991564	1.004547	1.004609
16.856457	0.998703	0.997480	0.001223	0.992783	0.995414	0.991561	1.007170	1.005937
16.894291	1.000893	0.995577	0.005316	0.996878	0.995413	0.991560	1.009380	1.004020
16.930691	0.994250	0.996140	-0.001890	0.989671	0.995413	0.991559	1.002682	1.004588
16.967079	0.998132	0.997151	0.000982	0.992541	0.995413	0.991560	1.006596	1.005607
17.003458	1.000264	0.997024	0.003240	0.994802	0.995414	0.991562	1.008744	1.005477
17.039860	0.995526	0.997152	-0.001626	0.989937	0.995415	0.991564	1.003964	1.005604
17.076260	0.999895	0.998598	0.001298	0.992862	0.995417	0.991568	1.008367	1.007058
17.112637	0.999951	0.998870	0.001081	0.992649	0.995420	0.991573	1.008418	1.007328
17.149027	0.999985	0.999852	0.000133	0.991702	0.995423	0.991578	1.008446	1.008312
17.185404	0.996753	0.998150	-0.001397	0.990183	0.995427	0.991585	1.005180	1.006589
17.225082	0.999363	0.997934	0.001429	0.993017	0.995431	0.991594	1.007804	1.006363
17.262182	1.003458	1.001958	0.001501	0.993088	0.995436	0.991603	1.011925	1.010411
17.301872	1.000809	1.000465	0.000344	0.991947	0.995442	0.991614	1.009242	1.008895
17.338251	1.001696	0.999314	0.002382	0.993997	0.995448	0.991625	1.010125	1.007723
17.374640	1.000651	1.001348	-0.000697	0.990925	0.995455	0.991637	1.009059	1.009762
17.411018	0.998092	0.999841	-0.001749	0.989893	0.995462	0.991650	1.006466	1.008229
17.447407	0.994982	0.998186	-0.003204	0.988456	0.995469	0.991664	1.003315	1.006546
17.483807	0.994977	0.996594	-0.001617	0.990062	0.995478	0.991679	1.003296	1.004926
17.520208	0.995521	0.995802	-0.000280	0.991416	0.995486	0.991695	1.003828	1.004111
17.559484	0.992147	0.994222	-0.002075	0.989642	0.995496	0.991713	1.000407	1.002499
17.598064	0.996561	0.996936	-0.000374	0.991358	0.995507	0.991733	1.004839	1.005216
17.636652	0.993792	0.998099	-0.004307	0.987443	0.995518	0.991753	1.002025	1.006369
17.675219	0.995117	0.998504	-0.003387	0.988384	0.995530	0.991774	1.003340	1.006755
17.713053	1.003476	0.999426	0.004050	0.995842	0.995542	0.991797	1.011746	1.007662
17.749466	1.004418	1.000114	0.004303	0.996115	0.995554	0.991819	1.012672	1.008334
17.785843	0.992561	0.998831	-0.006271	0.985568	0.995566	0.991842	1.000694	1.007016
17.822231	1.000973	0.999785	0.001188	0.993048	0.995580	0.991867	1.009151	1.007954
17.858633	1.001260	1.001095	0.000165	0.992045	0.995593	0.991892	1.009414	1.009248
17.895010	1.004610	1.000230	0.004380	0.996290	0.995608	0.991918	1.012765	1.008350
17.931389	0.999711	1.001829	-0.002118	0.989812	0.995623	0.991946	1.007799	1.009934
17.967810	0.998238	1.000566	-0.002327	0.989634	0.995638	0.991974	1.006286	1.008632
18.004168	1.002285	1.003534	-0.001249	0.990736	0.995654	0.992003	1.010336	1.011594
18.040545	1.000607	1.001204	-0.000597	0.991423	0.995670	0.992033	1.008613	1.009215
18.076956	1.005677	1.001688	0.003990	0.996042	0.995687	0.992064	1.013693	1.009671
18.113323	1.004113	1.001186	0.002927	0.995014	0.995705	0.992097	1.012083	1.009133
18.149746	1.000951	0.998151	0.002800	0.994928	0.995723	0.992130	1.008863	1.006041
18.189390	1.001120	0.999220	0.001900	0.994063	0.995743	0.992167	1.008995	1.007080
18.226135	0.999063	0.997510	0.001553	0.993755	0.995762	0.992202	1.006886	1.005322
18.262547	1.006958	0.998464	0.008494	1.000731	0.995782	0.992238	1.014807	1.006246
18.298912	0.996965	0.998389	-0.001424	0.990850	0.995802	0.992275	1.004699	1.006134
18.335337	0.999979	0.997280	0.002699	0.995013	0.995822	0.992313	1.007697	1.004978
18.371693	1.000413	1.000010	0.000403	0.992751	0.995843	0.992352	1.008096	1.007690
18.408104	0.998763	1.000038	-0.001274	0.991113	0.995865	0.992392	1.006393	1.007677
18.444481	1.002204	1.000210	0.001994	0.994422	0.995887	0.992432	1.009819	1.007810
18.480883	0.999333	1.001962	-0.002629	0.989837	0.995910	0.992474	1.006884	1.009533
18.517260	1.002368	1.001224	0.001144	0.993654	0.995933	0.992516	1.009899	1.008747
18.553661	0.996475	1.002007	-0.005532	0.987021	0.995956	0.992560	1.003918	1.009491
18.590038	0.996168	1.001862	-0.005694	0.986903	0.995981	0.992604	1.003564	1.009301
18.626417	0.992070	1.001433	-0.009364	0.983280	0.996005	0.992649	0.999390	1.008823
18.662817	1.002502	1.001633	0.000870	0.993557	0.996030	0.992695	1.009853	1.008977
18.699217	0.997373	1.002694	-0.005320	0.987412	0.996056	0.992742	1.004639	1.009998
18.735596	1.006066	1.001651	0.004415	0.997195	0.996082	0.992790	1.013346	1.008900
18.771996	1.001553	1.003838	-0.002285	0.990540	0.996108	0.992839	1.008751	1.011053
18.808384	0.999742	1.001624	-0.001881	0.990998	0.996135	0.992889	1.006878	1.008772
18.844786	1.003565	1.002152	0.001413	0.994344	0.996163	0.992939	1.010677	1.009254
18.881186	0.998285	0.999548	-0.001263	0.991726	0.996190	0.992990	1.005307	1.006579
18.917551	1.006531	1.000999	0.005532	0.998570	0.996219	0.993043	1.013559	1.007988
18.955774	1.003287	1.000077	0.003211	0.996308	0.996249	0.993098	1.010236	1.007003
18.993986	1.002671	1.000664	0.002007	0.995161	0.996280	0.993155	1.009558	1.007537
19.030375	1.002460	1.001418	0.001043	0.994250	0.996310	0.993210	1.009290	1.008240
19.066753	1.004359	1.002903	0.001456	0.994717	0.996340	0.993265	1.011146	1.009680
19.103144	0.999472	1.000933	-0.001461	0.991859	0.996370	0.993322	1.006168	1.007640
19.139532	1.006547	1.003430	0.003118	0.996492	0.996401	0.993379	1.013233	1.010095
19.175922	1.001672	1.003891	-0.002219	0.991213	0.996433	0.993437	1.008267	1.010500
19.212311	1.000964	1.003970	-0.003007	0.990484	0.996465	0.993496	1.007495	1.010521
19.248722	1.007599	1.003832	0.003767	0.997319	0.996497	0.993555	1.014113	1.010321
19.285089	1.004277	1.004682	-0.000405	0.993205	0.996530	0.993615	1.010709	1.011116
19.321499	1.003587	1.005274	-0.001687	0.991981	0.996563	0.993677	1.009952	1.011650
19.357866	1.010182	1.004855	0.005327	0.999059	0.996597	0.993738	1.016525	1.011165
19.394279	1.010183	1.005067	0.005116	0.998909	0.996631	0.993801	1.016462	1.011315
19.430656	1.009225	1.005888	0.003337	0.997196	0.996666	0.993865	1.015435	1.012077
19.467035	0.997541	1.005736	-0.008195	0.985729	0.996700	0.993929	1.003614	1.011858
19.503424	1.004586	1.006871	-0.002285	0.991700	0.996736	0.993994	1.010636	1.012935
19.539803	1.013649	1.006461	0.007187	1.001239	0.996771	0.994059	1.019686	1.012456
19.576202	1.003421	1.005594	-0.002173	0.991951	0.996807	0.994125	1.009331	1.011516
19.612591	1.000957	1.003169	-0.002212	0.991981	0.996844	0.994193	1.006785	1.009009
19.648981	1.004447	1.004803	-0.000356	0.993905	0.996881	0.994260	1.010227	1.010585
19.685358	1.001129	1.001719	-0.000590	0.993742	0.996918	0.994329	1.006820	1.007413
19.721758	1.003923	1.003916	0.000006	0.994406	0.996955	0.994398	1.009560	1.009553
19.758148	0.993435	1.003582	-0.010147	0.984323	0.996993	0.994468	0.998943	1.009147
19.794538	1.015383	1.007695	0.007688	1.002226	0.997032	0.994538	1.020941	1.013211
19.830927	1.005401	1.005898	-0.000497	0.994113	0.997070	0.994609	1.010832	1.011332
19.867315	1.011062	1.005876	0.005185	0.999867	0.997109	0.994681	1.016450	1.011238
19.903704	1.001052	1.005298	-0.004246	0.990510	0.997149	0.994753	1.006315	1.010583
19.940105	1.008048	1.006365	0.001683	0.996511	0.997188	0.994827	1.013273	1.011582
19.976494	1.008252	1.008379	-0.000126	0.994775	0.997228	0.994900	1.013404	1.013531
20.012882	1.011471	1.007673	0.003798	0.998772	0.997269	0.994975	1.016563	1.012746
20.049261	1.007352	1.008154	-0.000802	0.994247	0.997310	0.995049	1.012347	1.013153
20.085663	1.016673	1.008649	0.008024	1.003152	0.997351	0.995125	1.021638	1.013574
20.122028	1.010785	1.009739	0.001046	0.996248	0.997392	0.995201	1.015643	1.014592
20.159151	1.000988	1.007263	-0.006275	0.989004	0.997434	0.995279	1.005721	1.012025
20.198452	1.009513	1.006710	0.002803	0.998165	0.997480	0.995363	1.014201	1.011385
20.234852	1.009287	1.007259	0.002028	0.997471	0.997522	0.995441	1.013895	1.011858
20.271240	1.007503	1.007872	-0.000369	0.995157	0.997565	0.995519	1.012024	1.012394
20.307631	1.002820	1.006928	-0.004108	0.991494	0.997608	0.995598	1.007240	1.011366
20.344042	0.997678	1.004152	-0.006474	0.989211	0.997651	0.995678	1.001995	1.008497
20.380398	1.007560	1.004701	0.002859	0.998622	0.997694	0.995758	1.011840	1.008969
20.416798	1.008877	1.004512	0.004364	1.000211	0.997738	0.995838	1.013080	1.008698
20.453176	1.011369	1.006876	0.004493	1.000420	0.997782	0.995919	1.015500	1.010989
20.489588	1.008347	1.007740	0.000607	0.996620	0.997827	0.996001	1.012384	1.011774
20.525953	1.013485	1.008833	0.004652	1.000747	0.997871	0.996083	1.017459	1.012788
20.562387	1.006584	1.009183	-0.002600	0.993580	0.997916	0.996165	1.010447	1.013057
20.600555	1.002742	1.009782	-0.007040	0.989225	0.997963	0.996252	1.006503	1.013569
20.638777	1.006805	1.010051	-0.003246	0.993108	0.998011	0.996340	1.010493	1.013750
20.675156	1.009893	1.010329	-0.000436	0.996002	0.998056	0.996424	1.013507	1.013945
20.711555	1.008593	1.010258	-0.001665	0.994856	0.998102	0.996508	1.012117	1.013788
20.747946	1.007291	1.010742	-0.003451	0.993156	0.998148	0.996593	1.010724	1.014187
20.784323	1.007669	1.008937	-0.001268	0.995423	0.998195	0.996678	1.011018	1.012290
20.820713	1.007463	1.009907	-0.002444	0.994327	0.998241	0.996764	1.010725	1.013176
20.857113	1.010227	1.008540	0.001687	0.998544	0.998288	0.996850	1.013411	1.011719
20.902594	1.014327	1.012213	0.002114	0.999093	0.998347	0.996958	1.017414	1.015294
