0.573742	1.016322	1.016525	-0.000203	0.999143	0.999360	1.000256	1.016972	1.017175
0.610129	1.017545	1.017970	-0.000424	0.999038	0.999476	1.000209	1.018077	1.018502
0.646517	1.017805	1.018107	-0.000302	0.999284	0.999596	1.000162	1.018215	1.018517
0.682894	1.018141	1.017974	0.000167	0.999880	0.999718	1.000113	1.018426	1.018259
0.722181	1.018659	1.019520	-0.000861	0.998985	0.999851	1.000060	1.018809	1.019670
0.759303	1.023549	1.022399	0.001150	1.001125	0.999978	1.000009	1.023569	1.022419
0.795690	1.019324	1.019025	0.000299	1.000404	1.000102	0.999959	1.019217	1.018918
0.832078	1.018648	1.020797	-0.002150	0.998081	1.000226	0.999910	1.018413	1.020562
0.868465	1.015886	1.014681	0.001204	1.001557	1.000349	0.999860	1.015527	1.014323
0.904863	1.014446	1.014668	-0.000222	1.000254	1.000469	0.999812	1.013966	1.014188
0.941252	1.011243	1.013090	-0.001847	0.998748	1.000587	0.999765	1.010645	1.012491
0.977617	1.018258	1.016008	0.002249	1.002963	1.000701	0.999720	1.017539	1.015291
1.014016	1.009790	1.012628	-0.002838	0.997984	1.000811	0.999675	1.008966	1.011802
1.050403	1.009745	1.009980	-0.000234	1.000692	1.000917	0.999633	1.008815	1.009049
1.086780	1.013215	1.011449	0.001767	1.002794	1.001017	0.999593	1.012180	1.010415
1.123167	1.010465	1.008974	0.001492	1.002611	1.001111	0.999556	1.009338	1.007848
1.159577	1.015995	1.013043	0.002951	1.004161	1.001199	0.999520	1.014772	1.011824
1.195954	1.009489	1.011886	-0.002396	0.998895	1.001280	0.999488	1.008193	1.010586
1.232330	1.009680	1.011745	-0.002065	0.999299	1.001353	0.999459	1.008309	1.010371
1.268718	1.012082	1.012784	-0.000701	1.000734	1.001419	0.999432	1.010642	1.011342
1.305105	1.012488	1.013136	-0.000648	1.000847	1.001477	0.999409	1.010988	1.011635
1.341493	1.013117	1.015325	-0.002208	0.999343	1.001526	0.999389	1.011567	1.013771
1.377892	1.018373	1.017890	0.000483	1.002080	1.001567	0.999373	1.016773	1.016290
1.414312	1.012297	1.013401	-0.001104	1.000520	1.001600	0.999360	1.010674	1.011776
1.450678	1.014576	1.013853	0.000723	1.002371	1.001623	0.999351	1.012926	1.012204
1.487054	1.016954	1.014636	0.002318	1.003980	1.001638	0.999345	1.015285	1.012970
1.523442	1.015503	1.016987	-0.001484	1.000186	1.001644	0.999342	1.013830	1.015312
1.559818	1.014457	1.015718	-0.001261	1.000404	1.001642	0.999343	1.012788	1.014047
1.596217	1.011942	1.011001	0.000941	1.002590	1.001631	0.999348	1.010289	1.009350
1.632593	1.010760	1.014040	-0.003280	0.998352	1.001611	0.999355	1.009128	1.012403
1.668993	1.010298	1.011816	-0.001518	1.000084	1.001584	0.999366	1.008696	1.010211
1.705391	1.009567	1.009929	-0.000362	1.001204	1.001549	0.999380	1.008001	1.008362
1.741757	1.015453	1.012941	0.002512	1.004036	1.001506	0.999397	1.013921	1.011413
1.778144	1.011393	1.010098	0.001295	1.002762	1.001457	0.999417	1.009917	1.008624
1.814542	1.014411	1.012285	0.002126	1.003539	1.001401	0.999440	1.012987	1.010864
1.854564	1.010646	1.012771	-0.002126	0.999219	1.001333	0.999467	1.009297	1.011420
1.890974	1.014087	1.015018	-0.000932	1.000343	1.001265	0.999494	1.012802	1.013733
1.927349	1.011384	1.014237	-0.002852	0.998351	1.001192	0.999523	1.010177	1.013026
1.963738	1.016811	1.014033	0.002778	1.003908	1.001115	0.999554	1.015676	1.012900
2.000126	1.017217	1.015338	0.001879	1.002927	1.001035	0.999586	1.016164	1.014287
2.036513	1.019081	1.017714	0.001367	1.002333	1.000951	0.999620	1.018110	1.016744
2.072900	1.015095	1.017980	-0.002885	0.997994	1.000865	0.999654	1.014216	1.017099
2.109299	1.010894	1.011104	-0.000210	1.000577	1.000778	0.999689	1.010107	1.010317
2.145665	1.010236	1.012798	-0.002563	0.998136	1.000689	0.999724	1.009539	1.012100
2.182052	1.011352	1.012413	-0.001062	0.999545	1.000600	0.999760	1.010745	1.011806
2.218440	1.007824	1.007789	0.000035	1.000550	1.000512	0.999795	1.007308	1.007273
2.254827	1.010659	1.012602	-0.001942	0.998485	1.000424	0.999830	1.010231	1.012173
2.291226	1.013368	1.015175	-0.001807	0.998532	1.000338	0.999865	1.013027	1.014833
2.327614	1.011098	1.010880	0.000218	1.000471	1.000254	0.999898	1.010842	1.010624
2.364013	1.006556	1.010897	-0.004341	0.995828	1.000173	0.999931	1.006383	1.010724
2.400378	1.013029	1.010427	0.002602	1.002694	1.000095	0.999962	1.012935	1.010333
2.436798	1.011300	1.012926	-0.001626	0.998390	1.000021	0.999992	1.011281	1.012907
2.473175	1.012821	1.013745	-0.000923	0.999020	0.999951	1.000019	1.012873	1.013796
2.509552	1.010419	1.009367	0.001052	1.000930	0.999886	1.000045	1.010536	1.009484
2.545973	1.012061	1.010016	0.002044	1.001861	0.999826	1.000069	1.012239	1.010194
2.582349	1.017417	1.015128	0.002289	1.002048	0.999772	1.000091	1.017652	1.015362
2.618737	1.014881	1.011227	0.003654	1.003369	0.999724	1.000111	1.015165	1.011510
2.655136	1.012734	1.015541	-0.002807	0.996864	0.999681	1.000128	1.013060	1.015868
2.691512	1.020250	1.017028	0.003221	1.002853	0.999645	1.000142	1.020616	1.017393
2.727899	1.019204	1.016847	0.002358	1.001960	0.999615	1.000154	1.019601	1.017242
2.764287	1.012490	1.013204	-0.000714	0.998867	0.999591	1.000164	1.012908	1.013622
2.800675	1.012988	1.011742	0.001246	1.000810	0.999574	1.000170	1.013424	1.012177
2.837062	1.011687	1.014682	-0.002995	0.996556	0.999563	1.000175	1.012132	1.015129
2.873439	1.016333	1.015252	0.001081	1.000628	0.999559	1.000176	1.016785	1.015704
2.909849	1.008155	1.010387	-0.002232	0.997320	0.999561	1.000176	1.008601	1.010835
2.946224	1.013449	1.012907	0.000542	1.000098	0.999569	1.000173	1.013890	1.013348
2.982625	1.013778	1.013495	0.000283	0.999852	0.999582	1.000167	1.014205	1.013922
3.018989	1.013711	1.012393	0.001318	1.000907	0.999601	1.000160	1.014118	1.012800
3.055399	1.010281	1.007695	0.002586	1.002205	0.999626	1.000150	1.010663	1.008075
3.095409	1.015099	1.014788	0.000311	0.999956	0.999658	1.000137	1.015450	1.015139
3.131807	1.008164	1.008515	-0.000351	0.999334	0.999691	1.000124	1.008478	1.008829
3.168184	1.011682	1.010840	0.000842	1.000563	0.999729	1.000108	1.011959	1.011117
3.204594	1.014695	1.011744	0.002951	1.002708	0.999770	1.000092	1.014931	1.011979
3.240970	1.012892	1.013178	-0.000285	0.999515	0.999813	1.000075	1.013084	1.013369
3.277357	1.011718	1.010574	0.001144	1.000995	0.999860	1.000056	1.011862	1.010718
3.313734	1.011460	1.013893	-0.002433	0.997468	0.999907	1.000037	1.011556	1.013989
3.353034	1.011785	1.011084	0.000701	1.000658	0.999960	1.000016	1.011827	1.011126
3.390165	1.018206	1.016559	0.001647	1.001653	1.000010	0.999996	1.018197	1.016550
3.426564	1.017091	1.017151	-0.000059	0.999999	1.000060	0.999976	1.017032	1.017091
3.464007	1.010245	1.011033	-0.000788	0.999322	1.000110	0.999956	1.010136	1.010924
3.502973	1.011250	1.008277	0.002973	1.003134	1.000161	0.999936	1.011089	1.008116
3.539327	1.009969	1.010265	-0.000296	0.999911	1.000206	0.999918	1.009762	1.010058
3.575748	1.006613	1.007853	-0.001240	0.999010	1.000249	0.999901	1.006364	1.007603
3.612113	1.015734	1.014143	0.001591	1.001880	1.000289	0.999885	1.015441	1.013851
3.648533	1.013679	1.010279	0.003399	1.003726	1.000325	0.999870	1.013350	1.009952
3.684888	1.012170	1.010834	0.001336	1.001695	1.000358	0.999857	1.011809	1.010473
3.721298	1.011036	1.011803	-0.000767	0.999620	1.000386	0.999846	1.010646	1.011413
3.757663	1.012091	1.011341	0.000750	1.001162	1.000409	0.999837	1.011678	1.010928
3.794062	1.009677	1.010753	-0.001075	0.999350	1.000427	0.999829	1.009247	1.010322
3.830427	1.010805	1.011565	-0.000761	0.999680	1.000439	0.999824	1.010361	1.011122
3.866837	1.009666	1.012517	-0.002851	0.997595	1.000445	0.999822	1.009216	1.012066
3.903214	1.009373	1.007130	0.002243	1.002691	1.000446	0.999822	1.008923	1.006681
3.939624	1.007296	1.006319	0.000977	1.001418	1.000440	0.999824	1.006852	1.005876
3.976000	1.008471	1.008743	-0.000271	1.000157	1.000428	0.999829	1.008040	1.008311
4.012387	1.006951	1.010127	-0.003176	0.997234	1.000410	0.999836	1.006539	1.009713
4.048787	1.014032	1.013540	0.000492	1.000878	1.000385	0.999846	1.013642	1.013150
4.085163	1.015598	1.014635	0.000963	1.001319	1.000353	0.999859	1.015239	1.014277
4.122273	1.013616	1.011158	0.002458	1.002775	1.000315	0.999874	1.013298	1.010841
4.161582	1.010470	1.013222	-0.002753	0.997517	1.000267	0.999893	1.010201	1.012953
4.197981	1.013234	1.012604	0.000631	1.000848	1.000216	0.999914	1.013016	1.012385
4.234358	1.007633	1.008609	-0.000976	0.999185	1.000160	0.999936	1.007473	1.008448
4.270745	1.009944	1.011251	-0.001307	0.998791	1.000098	0.999961	1.009845	1.011153
4.307144	1.012748	1.011296	0.001453	1.001483	1.000032	0.999987	1.012717	1.011264
4.343510	1.003986	1.005316	-0.001330	0.998630	0.999960	1.000016	1.004027	1.005356
4.379897	1.012165	1.010440	0.001725	1.001605	0.999885	1.000046	1.012282	1.010557
4.416274	1.011867	1.010306	0.001562	1.001359	0.999806	1.000078	1.012065	1.010503
4.452694	1.010378	1.008997	0.001381	1.001096	0.999724	1.000111	1.010658	1.009277
4.489082	1.006025	1.009075	-0.003050	0.996581	0.999639	1.000144	1.006390	1.009441
4.525459	1.008873	1.007526	0.001347	1.000889	0.999552	1.000179	1.009327	1.007979
4.561835	1.004766	1.007760	-0.002994	0.996457	0.999464	1.000215	1.005307	1.008303
4.598234	1.003410	1.002378	0.001032	1.000400	0.999375	1.000250	1.004040	1.003008
4.634599	1.006363	1.003897	0.002466	1.001742	0.999285	1.000286	1.007085	1.004617
4.670998	1.007759	1.008428	-0.000669	0.998513	0.999197	1.000321	1.008571	1.009241
4.707397	1.011999	1.009304	0.002695	1.001789	0.999109	1.000356	1.012904	1.010206
4.743785	1.009961	1.010666	-0.000706	0.998299	0.999024	1.000390	1.010950	1.011657
4.780895	1.013927	1.011967	0.001961	1.000881	0.998939	1.000424	1.015007	1.013044
4.820204	1.010666	1.013963	-0.003296	0.995534	0.998853	1.000459	1.011830	1.015131
4.856581	1.007005	1.008343	-0.001337	0.997425	0.998778	1.000489	1.008241	1.009580
4.892957	1.005201	1.004593	0.000608	0.999303	0.998706	1.000517	1.006507	1.005898
4.929356	1.008797	1.009454	-0.000657	0.997962	0.998640	1.000544	1.010174	1.010832
4.965744	1.008503	1.007585	0.000918	0.999479	0.998580	1.000568	1.009941	1.009022
5.002120	1.004512	1.003928	0.000584	0.999097	0.998526	1.000590	1.005999	1.005414
5.038508	1.005529	1.005161	0.000368	0.998830	0.998478	1.000609	1.007065	1.006697
5.074895	1.008481	1.007901	0.000581	0.998995	0.998437	1.000625	1.010063	1.009482
5.114561	1.006172	1.005046	0.001126	0.999509	0.998402	1.000639	1.007787	1.006659
5.151305	1.003997	1.001938	0.002059	1.000426	0.998377	1.000649	1.005633	1.003570
5.187714	1.002423	1.001716	0.000706	0.999056	0.998360	1.000656	1.004073	1.003365
5.224080	1.002356	1.001771	0.000585	0.998924	0.998352	1.000659	1.004014	1.003428
5.260478	1.001416	1.002625	-0.001209	0.997131	0.998353	1.000659	1.003071	1.004282
5.296888	1.003221	1.002518	0.000703	0.999051	0.998362	1.000655	1.004870	1.004166
5.333264	1.002461	1.002624	-0.000163	0.998204	0.998380	1.000648	1.004090	1.004253
5.370008	1.001593	1.001240	0.000353	0.998751	0.998408	1.000637	1.003194	1.002840
5.409672	1.004536	1.004505	0.000031	0.998463	0.998447	1.000621	1.006101	1.006070
5.446049	1.011290	1.006433	0.004856	1.003330	0.998492	1.000603	1.012819	1.007956
5.482448	1.008123	1.008356	-0.000233	0.998294	0.998545	1.000582	1.009594	1.009827
5.518836	1.002913	1.002441	0.000472	0.999072	0.998607	1.000557	1.004314	1.003841
5.555256	1.003234	1.005461	-0.002228	0.996438	0.998676	1.000529	1.004565	1.006795
5.591610	1.002354	1.003295	-0.000940	0.997805	0.998753	1.000499	1.003607	1.004548
5.627999	1.004321	1.005003	-0.000682	0.998145	0.998838	1.000465	1.005491	1.006174
5.664408	1.004923	1.003520	0.001403	1.000325	0.998928	1.000429	1.006001	1.004597
5.700785	0.999927	1.000138	-0.000211	0.998812	0.999025	1.000390	1.000902	1.001114
5.737161	1.002178	1.002198	-0.000020	0.999105	0.999128	1.000349	1.003053	1.003072
5.773560	1.002564	1.001494	0.001070	1.000304	0.999236	1.000306	1.003330	1.002259
5.809948	1.002023	1.001771	0.000253	0.999598	0.999348	1.000261	1.002676	1.002423
5.846346	1.003401	1.004589	-0.001188	0.998269	0.999464	1.000214	1.003937	1.005126
5.882722	0.999160	0.999769	-0.000608	0.998974	0.999583	1.000167	0.999575	1.000184
5.919122	1.000304	1.001375	-0.001070	0.998633	0.999705	1.000118	1.000598	1.001668
5.955498	1.003531	1.004438	-0.000908	0.998915	0.999828	1.000069	1.003701	1.004609
5.991897	1.004367	1.004753	-0.000386	0.999563	0.999952	1.000019	1.004412	1.004798
6.028284	1.004986	1.004734	0.000252	1.000330	1.000077	0.999969	1.004905	1.004654
6.064661	1.005790	1.004694	0.001096	1.001301	1.000201	0.999920	1.005584	1.004489
6.101059	1.007097	1.005326	0.001771	1.002100	1.000324	0.999870	1.006767	1.004996
6.137457	1.003918	1.006178	-0.002260	0.998190	1.000445	0.999822	1.003467	1.005726
6.173824	1.000291	1.002179	-0.001888	0.998681	1.000563	0.999775	0.999723	1.001610
6.210234	1.000795	1.002338	-0.001542	0.999141	1.000678	0.999729	1.000112	1.001653
6.246610	1.005436	1.007013	-0.001577	0.999221	1.000789	0.999684	1.004638	1.006214
6.284832	1.005370	1.003201	0.002169	1.003075	1.000901	0.999640	1.004459	1.002293
6.323008	0.999476	1.003521	-0.004045	0.996968	1.001007	0.999597	0.998465	1.002506
6.359418	1.004967	1.004386	0.000581	1.001690	1.001102	0.999559	1.003855	1.003275
6.395794	0.998719	1.001722	-0.003003	0.998192	1.001190	0.999524	0.997526	1.000526
6.432182	1.003119	1.000102	0.003017	1.004291	1.001272	0.999491	1.001838	0.998826
6.468558	1.001619	1.002416	-0.000797	1.000552	1.001346	0.999462	1.000267	1.001063
6.506057	1.000015	1.002434	-0.002419	0.998998	1.001415	0.999434	0.998596	1.001012
6.544978	0.997561	0.999228	-0.001667	0.999810	1.001477	0.999409	0.996084	0.997748
6.581366	0.998116	0.997033	0.001083	1.002608	1.001526	0.999390	0.996589	0.995508
6.617776	1.002197	1.000926	0.001271	1.002839	1.001567	0.999373	1.000622	0.999354
6.655619	1.000557	1.001285	-0.000727	1.000874	1.001601	0.999360	0.998952	0.999678
6.694184	1.002055	1.002198	-0.000144	1.001482	1.001625	0.999350	1.000423	1.000566
6.730571	1.000939	1.001355	-0.000416	1.001227	1.001639	0.999344	0.999294	0.999710
6.766948	1.007223	1.006645	0.000578	1.002234	1.001644	0.999342	1.005563	1.004986
6.803324	1.001209	1.001494	-0.000284	1.001362	1.001641	0.999344	0.999563	0.999847
6.839746	1.003389	1.003750	-0.000361	1.001277	1.001629	0.999348	1.001751	1.002112
6.876122	1.003667	1.003174	0.000493	1.002110	1.001609	0.999356	1.002049	1.001557
6.912498	1.001401	1.003152	-0.001750	0.999837	1.001581	0.999368	0.999816	1.001563
6.948875	1.003204	1.002584	0.000621	1.002171	1.001545	0.999382	1.001652	1.001032
6.985285	1.003302	1.002988	0.000314	1.001820	1.001502	0.999399	1.001792	1.001479
7.021661	1.001178	0.999915	0.001262	1.002714	1.001452	0.999419	0.999722	0.998462
7.058071	1.001377	0.999578	0.001800	1.003195	1.001395	0.999442	0.999978	0.998181
7.094447	0.997945	0.999188	-0.001243	1.000087	1.001333	0.999467	0.996613	0.997854
7.130835	0.999365	1.000788	-0.001422	0.999844	1.001265	0.999494	0.998099	0.999520
7.167223	1.002895	1.000252	0.002644	1.003836	1.001192	0.999523	1.001698	0.999057
7.203599	0.996195	0.996136	0.000059	1.001171	1.001116	0.999554	0.995083	0.995023
7.239976	1.004599	1.001628	0.002971	1.004003	1.001035	0.999586	1.003558	1.000590
7.276376	0.996262	0.997969	-0.001708	0.999239	1.000952	0.999619	0.995313	0.997019
7.312752	0.993770	0.995141	-0.001370	0.999491	1.000866	0.999654	0.992909	0.994279
7.349150	0.996336	0.997720	-0.001385	0.999390	1.000778	0.999689	0.995560	0.996944
7.385538	0.995399	0.998029	-0.002630	0.998054	1.000690	0.999724	0.994712	0.997341
7.421937	1.002727	1.001288	0.001439	1.002036	1.000601	0.999760	1.002125	1.000687
7.458323	0.999951	0.998286	0.001665	1.002176	1.000512	0.999795	0.999439	0.997775
7.494712	1.003697	0.996319	0.007378	1.007800	1.000424	0.999830	1.003271	0.995897
7.531077	1.004293	1.002046	0.002248	1.002584	1.000338	0.999865	1.003955	1.001708
7.567487	0.998964	0.999928	-0.000964	0.999289	1.000254	0.999898	0.998711	0.999675
7.603875	0.995152	0.996322	-0.001170	0.999001	1.000173	0.999931	0.994981	0.996151
7.640263	1.001313	1.000432	0.000881	1.000973	1.000095	0.999962	1.001220	1.000339
7.676628	0.999948	0.998976	0.000972	1.000991	1.000021	0.999991	0.999928	0.998956
7.713048	0.994921	0.994124	0.000797	1.000747	0.999952	1.000019	0.994971	0.994174
7.749415	0.996658	0.998227	-0.001570	0.998312	0.999887	1.000045	0.996773	0.998343
7.785802	1.001065	0.998430	0.002634	1.002457	0.999827	1.000069	1.001240	0.998606
7.822201	0.997530	0.997191	0.000339	1.000104	0.999772	1.000091	0.997760	0.997421
7.858600	0.992993	0.996415	-0.003422	0.996296	0.999724	1.000111	0.993270	0.996693
7.894986	0.990978	0.992241	-0.001263	0.998417	0.999681	1.000128	0.991297	0.992561
7.931375	0.997244	0.995807	0.001436	1.001077	0.999645	1.000142	0.997601	0.996164
7.967762	0.996405	0.996515	-0.000110	0.999497	0.999615	1.000154	0.996792	0.996903
8.004150	0.990133	0.993190	-0.003057	0.996531	0.999591	1.000164	0.990541	0.993599
8.040538	0.989797	0.995889	-0.006092	0.993478	0.999574	1.000170	0.990223	0.996317
8.076926	0.993044	0.994142	-0.001098	0.998462	0.999563	1.000175	0.993481	0.994579
8.113335	0.993656	0.994709	-0.001054	0.998499	0.999559	1.000176	0.994098	0.995152
8.149712	0.996347	0.993092	0.003255	1.002811	0.999561	1.000176	0.996789	0.993532
8.186099	0.993561	0.993607	-0.000046	0.999521	0.999569	1.000173	0.993994	0.994039
8.222475	1.003467	0.998918	0.004549	1.004124	0.999582	1.000167	1.003890	0.999339
8.258875	0.998365	0.997909	0.000455	1.000054	0.999601	1.000160	0.998766	0.998311
8.295251	0.998746	1.001324	-0.002577	0.997043	0.999625	1.000150	0.999124	1.001702
8.331672	0.997063	0.998362	-0.001299	0.998352	0.999654	1.000138	0.997411	0.998710
8.368037	0.995177	0.994887	0.000289	0.999974	0.999688	1.000125	0.995490	0.995201
8.404414	0.994881	0.996505	-0.001624	0.998097	0.999725	1.000110	0.995157	0.996782
8.440825	0.997652	0.997377	0.000275	1.000037	0.999765	1.000094	0.997889	0.997614
8.477200	0.996062	0.994663	0.001399	1.001204	0.999809	1.000076	0.996255	0.994856
8.513599	0.993118	0.994429	-0.001311	0.998540	0.999855	1.000058	0.993265	0.994576
8.549965	0.991955	0.993253	-0.001299	0.998601	0.999902	1.000039	0.992054	0.993353
8.586386	0.994573	0.994587	-0.000015	0.999934	0.999951	1.000020	0.994623	0.994638
8.622763	0.994604	0.993666	0.000938	1.000936	1.000000	1.000000	0.994606	0.993667
8.659150	0.993745	0.993775	-0.000030	1.000016	1.000050	0.999980	0.993698	0.993727
8.695515	0.992312	0.992787	-0.000475	0.999620	1.000099	0.999961	0.992215	0.992690
8.731925	0.990335	0.989639	0.000696	1.000839	1.000146	0.999941	0.990192	0.989496
8.768302	0.992281	0.992206	0.000075	1.000262	1.000192	0.999923	0.992091	0.992016
8.804689	0.992175	0.992537	-0.000362	0.999870	1.000236	0.999906	0.991942	0.992304
8.841065	0.994508	0.991532	0.002976	1.003249	1.000277	0.999889	0.994233	0.991258
8.877475	0.993286	0.992819	0.000467	1.000776	1.000314	0.999874	0.992974	0.992507
8.913863	0.993935	0.995399	-0.001463	0.998874	1.000348	0.999861	0.993590	0.995053
8.950262	0.993338	0.994505	-0.001168	0.999205	1.000377	0.999849	0.992963	0.994130
8.986661	0.997790	0.996367	0.001423	1.001822	1.000402	0.999839	0.997389	0.995967
9.023026	0.999071	0.996923	0.002148	1.002567	1.000422	0.999831	0.998650	0.996503
9.059413	0.998731	0.998887	-0.000156	1.000278	1.000436	0.999826	0.998296	0.998453
9.099080	0.993704	0.995502	-0.001799	0.998643	1.000445	0.999822	0.993262	0.995060
9.135834	0.996187	0.995334	0.000853	1.001296	1.000446	0.999821	0.995742	0.994890
9.172221	0.994284	0.991708	0.002576	1.003014	1.000442	0.999823	0.993845	0.991270
9.208608	0.993180	0.992951	0.000229	1.000658	1.000431	0.999828	0.992752	0.992523
9.245018	0.991133	0.992252	-0.001119	0.999291	1.000414	0.999834	0.990723	0.991841
9.281385	0.993732	0.994200	-0.000468	0.999914	1.000390	0.999844	0.993344	0.993812
9.317794	0.992968	0.991987	0.000981	1.001337	1.000360	0.999856	0.992611	0.991630
9.354182	0.988188	0.991324	-0.003137	0.997183	1.000324	0.999871	0.987868	0.991004
9.393836	0.989260	0.989919	-0.000659	0.999614	1.000277	0.999889	0.988986	0.989646
9.430579	0.990061	0.990791	-0.000730	0.999494	1.000227	0.999909	0.989837	0.990567
9.466989	0.991751	0.990687	0.001064	1.001231	1.000172	0.999931	0.991581	0.990517
9.505888	0.991323	0.992244	-0.000921	0.999180	1.000107	0.999957	0.991218	0.992139
9.543386	0.992027	0.990960	0.001066	1.001102	1.000039	0.999985	0.991989	0.990923
9.579774	0.989610	0.990332	-0.000722	0.999241	0.999968	1.000013	0.989642	0.990364
9.616162	0.991216	0.989431	0.001786	1.001676	0.999893	1.000043	0.991323	0.989538
9.652538	0.994661	0.991798	0.002863	1.002675	0.999814	1.000074	0.994847	0.991983
9.688937	0.994965	0.993576	0.001389	1.001120	0.999732	1.000107	0.995233	0.993843
9.725313	0.993033	0.993049	-0.000015	0.999633	0.999648	1.000141	0.993385	0.993400
9.761712	0.992740	0.992565	0.000175	0.999737	0.999561	1.000176	0.993178	0.993002
9.798089	0.987683	0.989634	-0.001951	0.997525	0.999473	1.000211	0.988206	0.990158
9.834488	0.988734	0.990464	-0.001730	0.997656	0.999384	1.000247	0.989346	0.991077
9.870886	0.991595	0.990570	0.001024	1.000322	0.999295	1.000282	0.992297	0.991272
9.907274	0.988046	0.990125	-0.002079	0.997132	0.999206	1.000318	0.988834	0.990914
9.943650	0.987950	0.989180	-0.001230	0.997894	0.999118	1.000353	0.988825	0.990055
9.980049	0.983939	0.986793	-0.002854	0.996188	0.999033	1.000387	0.984895	0.987752
10.016426	0.986279	0.985055	0.001224	1.000186	0.998949	1.000420	0.987319	0.986094
10.052814	0.986464	0.988300	-0.001837	0.997041	0.998869	1.000452	0.987584	0.989422
10.089201	0.987986	0.988077	-0.000091	0.998711	0.998793	1.000483	0.989183	0.989274
10.125588	0.990162	0.989325	0.000836	0.999564	0.998720	1.000512	0.991434	0.990596
10.161987	0.987802	0.988501	-0.000699	0.997962	0.998653	1.000539	0.989138	0.989837
10.198375	0.984989	0.985614	-0.000625	0.997983	0.998592	1.000563	0.986382	0.987007
10.234752	0.988719	0.987483	0.001235	0.999784	0.998536	1.000586	0.990172	0.988935
10.271139	0.988074	0.986686	0.001387	0.999889	0.998487	1.000605	0.989575	0.988185
10.307527	0.990924	0.991178	-0.000254	0.998196	0.998445	1.000622	0.992471	0.992725
10.343925	0.989402	0.992075	-0.002673	0.995741	0.998410	1.000636	0.990981	0.993658
10.380314	0.988630	0.992846	-0.004217	0.994171	0.998383	1.000647	0.990234	0.994458
10.416691	0.989166	0.990821	-0.001655	0.996718	0.998365	1.000654	0.990790	0.992448
10.453100	0.990268	0.991372	-0.001103	0.997259	0.998354	1.000658	0.991904	0.993010
10.489488	0.988421	0.989082	-0.000661	0.997703	0.998352	1.000659	0.990056	0.990718
10.525852	0.989621	0.989246	0.000376	0.998746	0.998359	1.000657	0.991252	0.990875
10.562263	0.988110	0.988471	-0.000361	0.998027	0.998374	1.000650	0.989723	0.990084
10.598618	0.988718	0.986497	0.002221	1.000636	0.998398	1.000641	0.990307	0.988082
10.635015	0.990915	0.987730	0.003185	1.001631	0.998431	1.000628	0.992475	0.989284
10.671414	0.987682	0.988242	-0.000560	0.997926	0.998473	1.000611	0.989195	0.989756
10.707791	0.984829	0.988973	-0.004145	0.994390	0.998523	1.000591	0.986288	0.990439
10.744180	0.991661	0.989883	0.001778	1.000370	0.998581	1.000568	0.993072	0.991291
10.780578	0.982771	0.985453	-0.002682	0.995983	0.998647	1.000541	0.984104	0.986789
10.816955	0.988725	0.986511	0.002214	1.000951	0.998721	1.000511	0.989992	0.987775
10.853342	0.992689	0.991856	0.000833	0.999641	0.998803	1.000479	0.993880	0.993045
10.889719	0.986547	0.986512	0.000035	0.998940	0.998891	1.000444	0.987643	0.987608
10.926139	0.989247	0.990306	-0.001059	0.997933	0.998986	1.000406	0.990252	0.991312
10.962516	0.987649	0.985684	0.001965	1.001065	0.999086	1.000366	0.988552	0.986586
10.998893	0.987012	0.986702	0.000310	0.999512	0.999192	1.000323	0.987810	0.987500
11.035292	0.987412	0.989783	-0.002371	0.996936	0.999302	1.000279	0.988100	0.990473
11.071669	0.992506	0.989877	0.002629	1.002049	0.999417	1.000233	0.993084	0.990454
11.108045	0.989164	0.990227	-0.001063	0.998476	0.999535	1.000186	0.989623	0.990686
11.144443	0.992192	0.990356	0.001836	1.001495	0.999656	1.000138	0.992532	0.990696
11.180842	0.991378	0.990228	0.001150	1.000932	0.999778	1.000089	0.991596	0.990445
11.217230	0.999402	0.995703	0.003699	1.003602	0.999902	1.000039	0.999497	0.995798
11.253617	0.991904	0.993700	-0.001795	0.998234	1.000027	0.999989	0.991875	0.993670
11.293283	0.991505	0.989528	0.001977	1.002142	1.000162	0.999935	0.991340	0.989364
11.330014	0.988247	0.990996	-0.002749	0.997539	1.000287	0.999885	0.987959	0.990708
11.366414	0.993380	0.991674	0.001706	1.002115	1.000409	0.999837	0.992970	0.991264
11.402802	0.989984	0.990632	-0.000648	0.999880	1.000528	0.999789	0.989458	0.990105
11.439189	0.988105	0.987145	0.000960	1.001601	1.000644	0.999742	0.987464	0.986505
11.479210	0.990191	0.991433	-0.001242	0.999524	1.000767	0.999693	0.989427	0.990668
11.515597	0.990229	0.989193	0.001036	1.001906	1.000875	0.999650	0.989358	0.988323
11.552007	0.989202	0.989330	-0.000128	1.000844	1.000977	0.999609	0.988231	0.988359
11.588395	0.989567	0.987255	0.002312	1.003378	1.001074	0.999571	0.988500	0.986191
11.624749	0.983047	0.986893	-0.003846	0.997309	1.001164	0.999534	0.981898	0.985740
11.661148	0.989334	0.988909	0.000425	1.001665	1.001248	0.999501	0.988095	0.987670
11.697536	0.994331	0.989986	0.004345	1.005659	1.001324	0.999470	0.993009	0.988670
11.733934	0.990013	0.988338	0.001675	1.003057	1.001393	0.999443	0.988629	0.986956
11.770311	0.990108	0.990384	-0.000276	1.001167	1.001454	0.999418	0.988664	0.988940
11.806709	0.989242	0.988434	0.000809	1.002303	1.001507	0.999397	0.987747	0.986940
11.845631	0.986272	0.986910	-0.000638	1.000902	1.001554	0.999378	0.984735	0.985372
11.883119	0.990399	0.988391	0.002008	1.003585	1.001591	0.999364	0.988820	0.986815
11.919483	0.984267	0.985501	-0.001234	1.000366	1.001617	0.999353	0.982672	0.983904
11.955894	0.988257	0.988403	-0.000146	1.001474	1.001634	0.999346	0.986638	0.986784
11.995193	0.988127	0.988298	-0.000171	1.001457	1.001644	0.999343	0.986500	0.986671
12.032313	0.989537	0.990157	-0.000620	1.001011	1.001643	0.999343	0.987909	0.988527
12.068690	0.990634	0.989828	0.000806	1.002427	1.001634	0.999347	0.989013	0.988208
12.105088	0.993245	0.992500	0.000745	1.002352	1.001616	0.999354	0.991637	0.990893
12.141465	0.994850	0.991946	0.002904	1.004485	1.001590	0.999364	0.993265	0.990366
12.177864	0.989505	0.990254	-0.000748	1.000796	1.001557	0.999377	0.987962	0.988710
12.214241	0.990920	0.991481	-0.000561	1.000945	1.001516	0.999394	0.989416	0.989976
12.250628	0.992095	0.988815	0.003280	1.004734	1.001468	0.999413	0.990636	0.987361
12.287016	0.993902	0.990193	0.003709	1.005111	1.001413	0.999435	0.992495	0.988791
12.325236	0.984255	0.988177	-0.003922	0.997415	1.001349	0.999460	0.982926	0.986842
12.363446	0.986792	0.989525	-0.002734	0.998535	1.001279	0.999488	0.985528	0.988258
12.399834	0.983747	0.984270	-0.000523	1.000668	1.001208	0.999517	0.982557	0.983080
12.436199	0.983045	0.983934	-0.000889	1.000226	1.001132	0.999547	0.981931	0.982819
12.472587	0.987794	0.988278	-0.000484	1.000558	1.001052	0.999579	0.986754	0.987237
12.508975	0.987832	0.987749	0.000083	1.001042	1.000969	0.999613	0.986874	0.986791
12.545374	0.984448	0.985485	-0.001038	0.999835	1.000883	0.999647	0.983577	0.984614
12.581761	0.983230	0.985167	-0.001937	0.998850	1.000796	0.999682	0.982447	0.984382
12.618172	0.985815	0.984202	0.001613	1.002312	1.000708	0.999717	0.985117	0.983505
12.654536	0.987827	0.988404	-0.000576	1.000036	1.000619	0.999753	0.987216	0.987792
12.690935	0.987271	0.986631	0.000641	1.001165	1.000530	0.999788	0.986748	0.986108
12.727323	0.982623	0.983832	-0.001209	0.999228	1.000442	0.999823	0.982190	0.983398
12.763700	0.987110	0.986947	0.000163	1.000514	1.000356	0.999858	0.986760	0.986597
12.800111	0.988928	0.985016	0.003912	1.004180	1.000271	0.999892	0.988661	0.984750
12.836486	0.987652	0.984832	0.002820	1.003007	1.000189	0.999924	0.987466	0.984647
12.872886	0.987005	0.989546	-0.002541	0.997568	1.000111	0.999956	0.986898	0.989438
12.909272	0.989426	0.987216	0.002210	1.002243	1.000036	0.999986	0.989392	0.987182
12.945683	0.988281	0.989935	-0.001655	0.998309	0.999965	1.000014	0.988317	0.989972
12.982048	0.988746	0.990601	-0.001855	0.998043	0.999899	1.000040	0.988848	0.990703
13.018435	0.986367	0.986394	-0.000027	0.999812	0.999838	1.000065	0.986529	0.986556
13.054812	0.986544	0.986496	0.000048	0.999831	0.999783	1.000087	0.986761	0.986713
13.091211	0.985833	0.985521	0.000312	1.000044	0.999733	1.000107	0.986099	0.985787
13.127621	0.990063	0.988390	0.001673	1.001364	0.999689	1.000124	0.990373	0.988700
13.163986	0.985700	0.986623	-0.000923	0.998731	0.999652	1.000139	0.986047	0.986970
13.200385	0.983521	0.985362	-0.001841	0.997782	0.999620	1.000152	0.983898	0.985740
13.236750	0.987500	0.984070	0.003430	1.003030	0.999595	1.000162	0.987903	0.984472
13.273138	0.982112	0.983849	-0.001737	0.997844	0.999577	1.000169	0.982531	0.984269
13.309537	0.985604	0.988131	-0.002527	0.997041	0.999565	1.000174	0.986037	0.988564
13.345924	0.983729	0.985295	-0.001566	0.997998	0.999559	1.000176	0.984166	0.985733
13.382312	0.979359	0.981806	-0.002447	0.997120	0.999560	1.000176	0.979794	0.982242
13.418689	0.983529	0.985076	-0.001548	0.998023	0.999566	1.000173	0.983959	0.985507
13.455088	0.988039	0.984236	0.003803	1.003387	0.999579	1.000168	0.988458	0.984654
13.491475	0.981944	0.985449	-0.003505	0.996095	0.999597	1.000161	0.982343	0.985850
13.527863	0.984942	0.984901	0.000041	0.999665	0.999620	1.000152	0.985320	0.985279
13.564251	0.988586	0.987388	0.001197	1.000847	0.999648	1.000141	0.988937	0.987739
13.600627	0.983245	0.983572	-0.000327	0.999357	0.999681	1.000128	0.983562	0.983889
13.637026	0.984870	0.984473	0.000397	1.000117	0.999717	1.000113	0.985152	0.984755
13.673425	0.983605	0.986251	-0.002646	0.997113	0.999757	1.000097	0.983846	0.986493
13.709790	0.986665	0.987893	-0.001228	0.998572	0.999800	1.000080	0.986865	0.988094
13.746189	0.986381	0.984234	0.002147	1.001992	0.999845	1.000062	0.986536	0.984389
13.798963	0.989638	0.987785	0.001853	1.001765	0.999914	1.000034	0.989725	0.987872
14.011401	0.998206	0.999062	-0.000857	0.999065	1.000196	0.999922	0.998284	0.999140
14.047778	1.001056	0.999347	0.001709	1.001613	1.000240	0.999904	1.001152	0.999443
14.084167	0.996284	0.999669	-0.003384	0.996503	1.000280	0.999888	0.996396	0.999781
14.120577	0.998851	0.999962	-0.001111	0.998761	1.000317	0.999873	0.998978	1.000089
14.156975	1.001203	0.999679	0.001524	1.001384	1.000351	0.999860	1.001344	0.999819
14.193339	0.995660	1.000090	-0.004430	0.995417	1.000380	0.999848	0.995811	1.000242
14.229728	0.999471	0.999697	-0.000226	0.999612	1.000404	0.999838	0.999632	0.999858
14.266105	0.999353	1.000055	-0.000702	0.999128	1.000423	0.999831	0.999522	1.000224
14.302491	0.998772	0.999966	-0.001194	0.998631	1.000437	0.999825	0.998947	1.000140
14.338880	1.000446	0.999906	0.000540	1.000361	1.000445	0.999822	1.000624	1.000084
14.375278	1.001033	0.999956	0.001077	1.000898	1.000446	0.999821	1.001212	1.000135
14.411654	1.001661	0.999881	0.001780	1.001603	1.000442	0.999823	1.001838	1.000058
14.448065	1.001008	1.000449	0.000558	1.000385	1.000431	0.999827	1.001181	1.000622
14.484442	0.999153	1.000958	-0.001805	0.998028	1.000414	0.999834	0.999319	1.001124
14.520828	0.998681	1.000781	-0.002100	0.997743	1.000391	0.999844	0.998836	1.000937
14.557216	1.002596	1.001149	0.001447	1.001302	1.000361	0.999856	1.002741	1.001294
14.593594	0.998920	1.001169	-0.002249	0.997620	1.000324	0.999870	0.999049	1.001299
14.629992	0.998414	0.999887	-0.001473	0.998414	1.000282	0.999887	0.998526	0.999999
14.666390	1.006913	1.000213	0.006699	1.006606	1.000233	0.999907	1.007006	1.000306
14.702767	1.001563	1.000429	0.001134	1.001062	1.000178	0.999929	1.001634	1.000500
14.739155	1.004769	1.000370	0.004399	1.004351	1.000118	0.999953	1.004817	1.000418
14.775541	1.001934	1.000296	0.001638	1.001616	1.000054	0.999979	1.001955	1.000317
14.811919	0.999147	1.000355	-0.001208	0.998798	0.999984	1.000007	0.999140	1.000348
14.848319	1.004982	1.000356	0.004626	1.004662	0.999909	1.000036	1.004945	1.000319
14.884695	1.001724	1.000491	0.001233	1.001300	0.999831	1.000067	1.001656	1.000423
14.921116	1.001233	1.000592	0.000641	1.000741	0.999750	1.000100	1.001133	1.000492
14.957480	0.998539	1.000312	-0.001773	0.998361	0.999666	1.000134	0.998405	1.000178
14.993868	1.002707	1.000260	0.002447	1.002615	0.999580	1.000168	1.002537	1.000091
15.030256	1.000313	1.000248	0.000065	1.000269	0.999492	1.000203	1.000109	1.000044
15.066633	0.999286	1.000289	-0.001003	0.999236	0.999403	1.000239	0.999047	1.000049
15.103043	1.002372	1.000286	0.002086	1.002360	0.999314	1.000275	1.002096	1.000011
15.139408	1.000860	1.000250	0.000610	1.000921	0.999225	1.000310	1.000549	0.999938
15.175807	1.001215	1.000345	0.000870	1.001216	0.999137	1.000345	1.000869	0.999999
15.212183	0.999282	1.000500	-0.001218	0.999162	0.999051	1.000380	0.998902	1.000119
15.251493	1.003471	1.001178	0.002293	1.002710	0.998960	1.000416	1.003053	1.000760
15.288626	0.997482	1.000931	-0.003449	0.997001	0.998878	1.000449	0.997033	1.000480
15.324991	0.998561	1.001468	-0.002907	0.997573	0.998801	1.000479	0.998081	1.000987
15.361401	1.000951	1.000880	0.000071	1.000581	0.998729	1.000509	1.000441	1.000370
15.397778	1.000042	1.000734	-0.000691	0.999845	0.998661	1.000536	0.999505	1.000196
15.434155	0.999348	1.000793	-0.001445	0.999117	0.998599	1.000561	0.998786	1.000230
15.470552	1.003632	1.000892	0.002740	1.003325	0.998542	1.000583	1.003046	1.000307
15.506941	0.999809	1.001021	-0.001212	0.999391	0.998492	1.000603	0.999205	1.000417
15.545151	0.997923	1.000418	-0.002495	0.998127	0.998447	1.000621	0.997302	0.999796
15.583349	0.997017	1.000782	-0.003766	0.996871	0.998411	1.000636	0.996382	1.000145
15.619725	1.001515	1.000728	0.000787	1.001435	0.998384	1.000646	1.000867	1.000080
15.656114	1.000380	1.000888	-0.000508	1.000147	0.998365	1.000654	0.999724	1.000232
15.694324	1.001088	1.000885	0.000203	1.000862	0.998354	1.000659	1.000428	1.000225
15.732544	0.999489	1.000541	-0.001052	0.999608	0.998352	1.000659	0.998829	0.999880
15.768931	0.997935	1.000699	-0.002765	0.997892	0.998360	1.000656	0.997279	1.000042
15.805297	1.000338	1.000637	-0.000300	1.000351	0.998376	1.000650	0.999687	0.999986
15.841719	1.002181	1.000678	0.001504	1.002144	0.998401	1.000640	1.001539	1.000037
15.878106	0.999224	1.000684	-0.001461	0.999166	0.998434	1.000626	0.998597	1.000057
15.916293	0.996813	1.000619	-0.003805	0.996803	0.998479	1.000608	0.996206	1.000010
15.954504	0.997826	1.000888	-0.003062	0.997525	0.998533	1.000587	0.997240	1.000300
15.990902	1.001953	1.000960	0.000994	1.001557	0.998593	1.000563	1.001389	1.000396
16.027290	1.002535	1.000556	0.001979	1.002515	0.998661	1.000536	1.001998	1.000020
16.063677	0.998932	1.000574	-0.001642	0.998864	0.998736	1.000506	0.998427	1.000068
16.100065	0.999360	1.000361	-0.001001	0.999471	0.998819	1.000473	0.998887	0.999888
16.142254	1.009565	1.001025	0.008540	1.008971	0.998923	1.000431	1.009130	1.000594
16.180128	1.002143	0.999808	0.002335	1.002726	0.999024	1.000391	1.001752	0.999418
16.216496	1.000914	0.999995	0.000920	1.001268	0.999126	1.000350	1.000565	0.999646
16.254704	0.999857	1.000396	-0.000539	0.999764	0.999239	1.000304	0.999553	1.000092
16.292902	0.997276	1.000247	-0.002971	0.997286	0.999357	1.000257	0.997020	0.999990
16.329325	1.000321	1.000344	-0.000023	1.000186	0.999474	1.000211	1.000111	1.000134
16.365679	1.005231	1.000402	0.004830	1.004991	0.999593	1.000163	1.005068	1.000240
16.402100	0.994282	1.000358	-0.006076	0.994036	0.999715	1.000114	0.994170	1.000245
16.438465	1.002010	1.000128	0.001882	1.001945	0.999838	1.000065	1.001946	1.000064
16.474854	1.003516	1.000223	0.003293	1.003307	0.999963	1.000015	1.003502	1.000209
16.511229	1.001361	1.000244	0.001117	1.001080	1.000087	0.999965	1.001397	1.000280
16.547661	1.001421	0.999779	0.001642	1.001555	1.000211	0.999915	1.001507	0.999865
16.584049	0.996295	0.999862	-0.003567	0.996298	1.000334	0.999866	0.996430	0.999997
16.620403	0.999216	0.999990	-0.000773	0.999043	1.000455	0.999818	0.999400	1.000174
16.656792	1.001205	0.999820	0.001385	1.001153	1.000573	0.999771	1.001436	1.000051
16.693178	0.998544	0.999804	-0.001260	0.998463	1.000688	0.999725	0.998821	1.000081
16.729578	1.000418	0.999260	0.001158	1.000837	1.000798	0.999681	1.000740	0.999581
16.765987	0.999348	0.999753	-0.000405	0.999230	1.000904	0.999638	0.999712	1.000117
16.802374	1.001282	0.999660	0.001622	1.001217	1.001005	0.999598	1.001687	1.000064
16.838728	0.998668	0.999855	-0.001188	0.998369	1.001100	0.999560	0.999109	1.000298
16.875139	0.999065	1.000039	-0.000973	0.998548	1.001189	0.999525	0.999543	1.000517
16.911516	1.001617	0.999719	0.001898	1.001386	1.001270	0.999492	1.002129	1.000230
16.947905	1.000528	1.000526	0.000002	0.999461	1.001345	0.999462	1.001069	1.001067
16.984669	0.999444	1.000378	-0.000934	0.998497	1.001412	0.999435	1.000011	1.000946
17.024334	0.996293	0.999262	-0.002969	0.996437	1.001476	0.999410	0.996884	0.999855
17.060699	0.999694	0.999588	0.000106	0.999493	1.001525	0.999390	1.000307	1.000201
17.097120	0.998959	0.999527	-0.000568	0.998802	1.001567	0.999373	0.999588	1.000156
17.133520	0.995512	0.999660	-0.004147	0.995210	1.001599	0.999360	0.996152	1.000302
17.169874	1.000085	0.998613	0.001472	1.000820	1.001623	0.999351	1.000737	0.999264
17.206261	0.998816	0.999459	-0.000642	0.998700	1.001638	0.999345	0.999474	1.000116
17.242661	0.997901	0.999304	-0.001403	0.997936	1.001644	0.999342	0.998560	0.999964
17.280127	1.000981	0.999896	0.001085	1.000425	1.001642	0.999343	1.001641	1.000555
17.319080	1.000490	0.999291	0.001199	1.000544	1.001629	0.999348	1.001145	0.999945
17.355490	0.997552	0.999691	-0.002138	0.997215	1.001609	0.999356	0.998197	1.000337
17.391844	0.998883	0.999427	-0.000543	0.998821	1.001582	0.999367	0.999518	1.000062
17.428232	0.998730	0.999515	-0.000784	0.998595	1.001546	0.999382	0.999350	1.000135
17.464619	0.996066	0.999454	-0.003388	0.996008	1.001503	0.999399	0.996667	1.000057
17.501007	1.001231	0.999502	0.001729	1.001146	1.001453	0.999419	1.001815	1.000085
17.537407	1.000193	0.999491	0.000702	1.000142	1.001397	0.999441	1.000754	1.000051
17.573793	0.998969	0.999659	-0.000691	0.998774	1.001334	0.999466	0.999503	1.000195
17.613092	0.996879	0.999444	-0.002566	0.996928	1.001261	0.999496	0.997383	0.999950
17.650225	0.999408	0.999476	-0.000068	0.999456	1.001186	0.999525	0.999884	0.999952
17.686590	0.998669	0.999104	-0.000436	0.999120	1.001109	0.999556	0.999113	0.999549
17.723345	0.995654	0.999746	-0.004092	0.995495	1.001027	0.999589	0.996064	1.000158
17.762999	0.995686	0.999315	-0.003629	0.995996	1.000936	0.999626	0.996060	0.999690
17.799385	1.000119	0.998136	0.001983	1.001642	1.000850	0.999660	1.000460	0.998476
17.835773	0.998966	1.000089	-0.001124	0.998570	1.000762	0.999695	0.999271	1.000395
17.872171	0.998906	0.999998	-0.001091	0.998638	1.000673	0.999731	0.999176	1.000267
17.908571	1.001949	0.999381	0.002568	1.002334	1.000584	0.999766	1.002184	0.999615
17.944958	0.999209	0.999701	-0.000492	0.999309	1.000496	0.999802	0.999407	0.999900
17.981335	0.997307	0.999931	-0.002624	0.997212	1.000409	0.999837	0.997470	1.000094
18.017723	0.997632	0.999354	-0.001722	0.998149	1.000323	0.999871	0.997761	0.999483
18.054089	0.998702	0.999703	-0.001001	0.998904	1.000239	0.999904	0.998797	0.999798
18.093031	0.998665	0.999874	-0.001209	0.998730	1.000153	0.999939	0.998725	0.999934
18.135986	1.001327	0.999687	0.001640	1.001615	1.000063	0.999975	1.001351	0.999711
18.174185	0.999899	0.999819	0.000080	1.000085	0.999987	1.000005	0.999893	0.999813
18.210562	0.999919	1.000180	-0.000261	0.999772	0.999920	1.000032	0.999886	1.000147
18.246960	0.999324	1.000047	-0.000723	0.999335	0.999857	1.000057	0.999266	0.999989
18.283348	0.999193	0.999997	-0.000803	0.999277	0.999800	1.000080	0.999112	0.999915
18.319725	1.001036	0.999989	0.001047	1.001149	0.999748	1.000101	1.000934	0.999887
18.356112	1.003241	0.999697	0.003544	1.003664	0.999703	1.000119	1.003120	0.999577
18.392498	0.998749	1.000220	-0.001471	0.998665	0.999663	1.000135	0.998613	1.000084
18.428898	1.003267	1.000335	0.002931	1.003080	0.999630	1.000148	1.003117	1.000186
18.465286	1.004359	1.000026	0.004333	1.004492	0.999603	1.000159	1.004198	0.999866
18.501675	1.002357	1.000385	0.001973	1.002140	0.999582	1.000167	1.002188	1.000216
18.538073	1.000455	1.000393	0.000062	1.000235	0.999568	1.000173	1.000281	1.000219
18.574450	1.002089	1.000745	0.001345	1.001521	0.999560	1.000176	1.001912	1.000567
18.610836	1.006668	1.001480	0.005189	1.005366	0.999559	1.000176	1.006489	1.001302
18.647224	0.998094	0.999607	-0.001512	0.998663	0.999564	1.000175	0.997919	0.999431
18.683634	0.998693	1.000654	-0.001961	0.998211	0.999574	1.000170	0.998522	1.000482
18.723289	0.998831	1.000233	-0.001402	0.998762	0.999592	1.000163	0.998667	1.000069
18.760031	1.000870	1.000327	0.000542	1.000697	0.999615	1.000154	1.000714	1.000172
18.796419	0.998443	1.000348	-0.001905	0.998239	0.999642	1.000143	0.998299	1.000203
18.832796	0.998373	0.996645	0.001728	1.001859	0.999673	1.000131	0.998241	0.996514
18.870272	0.997680	0.998031	-0.000351	0.999766	0.999710	1.000116	0.997563	0.997914
18.909216	0.999085	0.999896	-0.000811	0.999288	0.999752	1.000099	0.998985	0.999796
18.945614	1.002246	1.000071	0.002175	1.002257	0.999795	1.000082	1.002163	0.999988
18.981991	1.003418	0.999987	0.003431	1.003496	0.999840	1.000064	1.003353	0.999922
19.018400	1.001062	0.999274	0.001788	1.001834	0.999887	1.000045	1.001016	0.999228
19.054756	0.999389	0.998993	0.000396	1.000422	0.999935	1.000026	0.999362	0.998966
19.091154	1.002563	0.999879	0.002683	1.002690	0.999985	1.000006	1.002556	0.999872
19.127531	0.999511	0.999582	-0.000070	0.999916	1.000034	0.999986	0.999524	0.999595
19.163940	0.995785	0.999237	-0.003452	0.996515	1.000083	0.999967	0.995818	0.999270
19.200294	0.999706	0.999912	-0.000206	0.999741	1.000131	0.999947	0.999758	0.999964
19.236717	1.003004	1.000050	0.002954	1.002882	1.000178	0.999929	1.003075	1.000121
19.273092	1.005779	0.999855	0.005923	1.005835	1.000222	0.999911	1.005868	0.999944
19.309481	1.000347	0.999961	0.000386	1.000280	1.000264	0.999894	1.000452	1.000067
19.345867	0.999256	0.999977	-0.000721	0.999158	1.000303	0.999879	0.999377	1.000098
19.382256	1.002785	0.999824	0.002961	1.002826	1.000338	0.999865	1.002921	0.999959
19.418644	0.998738	0.999422	-0.000684	0.999169	1.000369	0.999853	0.998886	0.999570
19.455030	1.001304	1.000074	0.001230	1.001071	1.000395	0.999842	1.001462	1.000232
19.491407	0.998840	1.000134	-0.001294	0.998539	1.000416	0.999834	0.999006	1.000301
19.527828	1.000378	0.999725	0.000654	1.000480	1.000432	0.999827	1.000551	0.999898
19.564182	1.000867	1.000307	0.000559	1.000382	1.000442	0.999823	1.001044	1.000484
19.600582	0.998750	1.000928	-0.002178	0.997643	1.000446	0.999821	0.998929	1.001107
19.636948	1.001995	1.001516	0.000479	1.000301	1.000445	0.999822	1.002173	1.001694
19.673368	1.006633	1.001051	0.005582	1.005407	1.000436	0.999825	1.006809	1.001226
19.709743	1.000845	1.000170	0.000674	1.000505	1.000422	0.999831	1.001014	1.000339
19.746132	1.000598	1.000996	-0.000398	0.999442	1.000401	0.999840	1.000759	1.001156
19.782541	1.000498	1.000734	-0.000236	0.999614	1.000373	0.999851	1.000648	1.000884
19.818907	0.997886	1.000338	-0.002452	0.997411	1.000340	0.999864	0.998022	1.000474
19.855318	1.000631	0.999305	0.001326	1.001206	1.000299	0.999880	1.000751	0.999425
19.892416	0.997497	0.997862	-0.000365	0.999534	1.000252	0.999899	0.997597	0.997963
19.931704	1.003059	0.999789	0.003270	1.003191	1.000196	0.999922	1.003137	0.999867
19.968092	1.001633	0.999357	0.002276	1.002221	1.000137	0.999945	1.001688	0.999412
20.004478	0.998154	1.000516	-0.002362	0.997608	1.000074	0.999970	0.998183	1.000545
20.040878	0.997647	0.999341	-0.001694	0.998304	1.000005	0.999998	0.997648	0.999343
20.078009	0.996175	0.998279	-0.002104	0.997924	0.999931	1.000028	0.996147	0.998251
20.117277	1.002400	1.000377	0.002023	1.002084	0.999848	1.000061	1.002338	1.000315
20.153664	0.998916	1.000364	-0.001448	0.998645	0.999767	1.000093	0.998822	1.000270
20.190084	1.003309	0.999889	0.003420	1.003547	0.999683	1.000127	1.003182	0.999762
20.226439	1.000651	0.999339	0.001312	1.001473	0.999598	1.000161	1.000489	0.999178
20.262825	0.998157	1.000527	-0.002370	0.997826	0.999510	1.000196	0.997961	1.000330
20.299213	0.998618	0.999782	-0.001164	0.999068	0.999421	1.000232	0.998386	0.999550
20.335602	0.996818	1.000244	-0.003425	0.996843	0.999332	1.000267	0.996551	0.999975
20.373823	0.998529	0.998246	0.000283	1.000588	0.999239	1.000305	0.998223	0.997941
20.412022	0.998442	1.000412	-0.001970	0.998372	0.999146	1.000342	0.998100	1.000070
20.448399	0.999778	0.997583	0.002195	1.002571	0.999060	1.000376	0.999401	0.997207
20.484808	0.998205	0.999347	-0.001141	0.999269	0.998976	1.000410	0.997795	0.998936
20.521194	1.002292	0.999491	0.002801	1.003244	0.998894	1.000442	1.001848	0.999048
20.557594	0.998515	1.000472	-0.001957	0.998517	0.998817	1.000473	0.998042	0.999997
20.593960	0.997806	0.998157	-0.000350	1.000152	0.998743	1.000503	0.997304	0.997654
20.630358	1.000422	0.999869	0.000553	1.001084	0.998674	1.000530	0.999890	0.999337
20.666790	0.999225	0.999916	-0.000690	0.999866	0.998611	1.000556	0.998669	0.999359
20.703156	0.999211	1.000165	-0.000954	0.999625	0.998553	1.000579	0.998631	0.999585
20.739544	0.998686	0.999592	-0.000906	0.999694	0.998502	1.000599	0.998086	0.998991
20.775909	0.994414	0.997359	-0.002945	0.997671	0.998458	1.000617	0.993799	0.996743
20.812330	1.000955	1.000191	0.000764	1.001397	0.998420	1.000632	1.000322	0.999558
20.855995	0.998666	1.001166	-0.002500	0.998147	0.998386	1.000646	0.998021	1.000519
