0.020662	1.013915	1.009624	0.004291	1.005583	1.001289	1.003814	1.012614	1.008329
0.057020	1.010524	1.008251	0.002273	1.003557	1.001282	1.003796	1.009234	1.006963
0.093433	1.009206	1.007181	0.002025	1.003304	1.001276	1.003777	1.007923	1.005902
0.129824	1.004509	1.006248	-0.001739	0.999533	1.001270	1.003759	1.003239	1.004976
0.166237	1.007433	1.005334	0.002099	1.003363	1.001264	1.003740	1.006166	1.004069
0.202606	1.006265	1.003548	0.002717	1.003973	1.001257	1.003722	1.005005	1.002291
0.239009	1.002696	1.003427	-0.000731	1.000518	1.001251	1.003703	1.001447	1.002177
0.275400	1.003236	1.003292	-0.000056	1.001188	1.001245	1.003685	1.001993	1.002049
0.313237	1.003449	1.003192	0.000257	1.001493	1.001238	1.003665	1.002212	1.001956
0.351805	1.002777	1.000993	0.001784	1.003013	1.001232	1.003646	1.001547	0.999765
0.388218	1.001382	1.001085	0.000297	1.001520	1.001225	1.003627	1.000160	0.999864
0.424587	1.000230	1.001398	-0.001168	1.000050	1.001219	1.003609	0.999016	1.000182
0.461001	1.001608	1.001625	-0.000017	1.001194	1.001213	1.003590	1.000399	1.000416
0.497381	1.000774	1.000860	-0.000086	1.001118	1.001207	1.003571	0.999572	0.999658
0.533761	0.996827	0.998913	-0.002086	0.999115	1.001200	1.003553	0.995636	0.997719
0.570163	0.998227	0.999619	-0.001392	0.999799	1.001194	1.003534	0.997040	0.998431
0.606543	0.997585	0.997793	-0.000208	1.000979	1.001188	1.003515	0.996406	0.996613
0.642956	1.001784	0.999697	0.002087	1.003266	1.001181	1.003496	1.000606	0.998521
0.679325	1.001813	1.001717	0.000096	1.001269	1.001175	1.003478	1.000642	1.000545
0.715728	1.003460	1.002169	0.001292	1.002458	1.001168	1.003459	1.002293	1.001003
0.752130	0.999761	1.000576	-0.000815	1.000344	1.001162	1.003440	0.998604	0.999419
0.788487	1.005281	1.006568	-0.001288	0.999869	1.001156	1.003421	1.004124	1.005410
0.824890	1.005017	1.004279	0.000738	1.001886	1.001150	1.003402	1.003867	1.003130
0.861270	1.002833	1.003750	-0.000917	1.000225	1.001143	1.003384	1.001692	1.002608
0.897672	1.002280	1.002773	-0.000493	1.000642	1.001137	1.003365	1.001145	1.001638
0.934052	1.000910	1.000170	0.000740	1.001867	1.001130	1.003346	0.999783	0.999044
0.970477	1.002198	0.998926	0.003271	1.004393	1.001124	1.003327	1.001076	0.997808
1.006846	0.999492	1.000010	-0.000519	1.000595	1.001118	1.003308	0.998379	0.998898
1.043271	0.998870	0.997501	0.001369	1.002475	1.001111	1.003289	0.997765	0.996397
1.079628	0.998080	0.997098	0.000982	1.002080	1.001105	1.003270	0.996982	0.996001
1.116031	0.998492	0.996692	0.001800	1.002894	1.001098	1.003251	0.997400	0.995602
1.152400	0.994974	0.996941	-0.001967	0.999121	1.001092	1.003232	0.993892	0.995857
1.188824	0.995662	0.995124	0.000538	1.001619	1.001086	1.003213	0.994586	0.994048
1.225204	0.994259	0.995682	-0.001422	0.999648	1.001079	1.003194	0.993191	0.994612
1.261583	0.994976	0.994421	0.000556	1.001623	1.001073	1.003175	0.993914	0.993358
1.297987	0.995760	0.995482	0.000278	1.001339	1.001066	1.003156	0.994702	0.994425
1.334378	0.993418	0.994103	-0.000685	1.000372	1.001060	1.003137	0.992370	0.993054
1.370769	0.993873	0.993209	0.000664	1.001719	1.001053	1.003118	0.992830	0.992167
1.407160	0.997865	0.996788	0.001077	1.002122	1.001047	1.003099	0.996825	0.995749
1.443529	0.997284	1.000000	-0.002716	0.998321	1.001040	1.003080	0.996250	0.998964
1.479954	0.998211	1.000732	-0.002522	0.998508	1.001034	1.003061	0.997183	0.999702
1.516334	1.005028	1.003564	0.001464	1.002491	1.001028	1.003042	1.004000	1.002537
1.552736	1.004038	1.004937	-0.000899	1.000123	1.001021	1.003023	1.003017	1.003915
1.589115	1.000433	1.001759	-0.001326	0.999686	1.001015	1.003003	0.999423	1.000747
1.625518	0.999487	0.998518	0.000969	1.001970	1.001008	1.002984	0.998483	0.997515
1.661887	0.996481	0.999456	-0.002975	0.998021	1.001002	1.002965	0.995487	0.998459
1.698300	0.998991	0.998332	0.000659	1.001648	1.000995	1.002946	0.998001	0.997342
1.734691	0.995381	0.998837	-0.003456	0.997525	1.000989	1.002926	0.994401	0.997853
1.771095	1.001277	0.998803	0.002474	1.003450	1.000982	1.002907	1.000298	0.997827
1.807462	0.996892	0.997254	-0.000362	1.000609	1.000976	1.002888	0.995924	0.996286
1.843887	0.993228	0.994785	-0.001557	0.999409	1.000969	1.002869	0.992270	0.993825
1.880246	0.994379	0.996044	-0.001665	0.999288	1.000963	1.002849	0.993425	0.995089
1.916647	0.994471	0.994959	-0.000488	1.000456	1.000956	1.002830	0.993524	0.994012
1.953039	0.995684	0.995495	0.000189	1.001126	1.000950	1.002811	0.994743	0.994554
1.989441	0.995533	0.995023	0.000510	1.001445	1.000943	1.002792	0.994598	0.994089
2.029465	0.996272	0.994215	0.002057	1.002992	1.000936	1.002770	0.995343	0.993288
2.065867	0.993193	0.992478	0.000715	1.001639	1.000929	1.002751	0.992274	0.991560
2.102248	0.991229	0.991958	-0.000729	1.000191	1.000923	1.002731	0.990318	0.991047
2.138639	0.992952	0.992367	0.000585	1.001494	1.000916	1.002712	0.992046	0.991462
2.175018	0.996945	0.995821	0.001124	1.002029	1.000910	1.002693	0.996042	0.994919
2.211411	0.999093	0.997389	0.001704	1.002604	1.000903	1.002673	0.998195	0.996492
2.247802	0.998892	0.998110	0.000782	1.001677	1.000897	1.002654	0.998001	0.997219
2.284192	0.998601	0.999622	-0.001021	0.999865	1.000890	1.002634	0.997716	0.998736
2.320584	1.002090	1.001847	0.000242	1.001124	1.000883	1.002615	1.001208	1.000966
2.356975	0.999099	1.000118	-0.001019	0.999855	1.000877	1.002595	0.998226	0.999244
2.393377	1.000327	1.001757	-0.001430	0.999438	1.000870	1.002576	0.999460	1.000889
2.429757	1.000400	0.999738	0.000662	1.001522	1.000864	1.002556	0.999539	0.998878
2.466160	0.994118	0.998632	-0.004515	0.996338	1.000857	1.002537	0.993269	0.997780
2.502573	0.996665	0.998182	-0.001517	0.999330	1.000850	1.002517	0.995821	0.997337
2.538942	0.992993	0.993774	-0.000781	1.000054	1.000844	1.002498	0.992158	0.992939
2.575321	0.997501	0.995436	0.002065	1.002898	1.000837	1.002478	0.996670	0.994606
2.611713	0.995815	0.997317	-0.001503	0.999322	1.000831	1.002459	0.994991	0.996492
2.648115	0.994444	0.995275	-0.000831	0.999987	1.000824	1.002439	0.993628	0.994458
2.684495	0.996684	0.997123	-0.000440	1.000371	1.000817	1.002420	0.995872	0.996311
2.720909	0.994117	0.993393	0.000724	1.001531	1.000811	1.002400	0.993314	0.992591
2.757289	0.992931	0.993875	-0.000944	0.999856	1.000804	1.002380	0.992136	0.993079
2.793669	0.991051	0.990637	0.000414	1.001206	1.000798	1.002361	0.990264	0.989850
2.831893	0.993698	0.992003	0.001695	1.002484	1.000791	1.002340	0.992915	0.991221
2.870096	0.991027	0.993159	-0.002132	0.998648	1.000784	1.002320	0.990254	0.992383
2.906498	0.989428	0.992631	-0.003203	0.997570	1.000777	1.002300	0.988662	0.991863
2.942890	0.998255	0.997211	0.001044	1.001813	1.000770	1.002280	0.997489	0.996446
2.979270	0.996540	0.996396	0.000145	1.000910	1.000764	1.002261	0.995782	0.995638
3.015649	0.999360	0.999175	0.000185	1.000940	1.000757	1.002241	0.998606	0.998421
3.052052	0.999937	0.999680	0.000257	1.001006	1.000750	1.002221	0.999190	0.998933
3.088432	1.003636	1.002714	0.000921	1.001664	1.000744	1.002201	1.002892	1.001972
3.124846	1.001438	1.000054	0.001384	1.002118	1.000737	1.002182	1.000703	0.999320
3.161215	1.001044	0.999350	0.001694	1.002419	1.000730	1.002162	1.000315	0.998623
3.197628	0.996563	0.999236	-0.002673	0.998045	1.000724	1.002142	0.995845	0.998516
3.234007	0.998908	0.997771	0.001137	1.001849	1.000717	1.002122	0.998195	0.997058
3.270410	0.996545	0.997472	-0.000926	0.999780	1.000710	1.002103	0.995840	0.996766
3.307534	0.996984	0.996136	0.000848	1.001547	1.000704	1.002082	0.996286	0.995438
3.346826	0.997333	0.997540	-0.000207	1.000487	1.000696	1.002061	0.996641	0.996848
3.383206	0.994633	0.992154	0.002479	1.003164	1.000690	1.002041	0.993950	0.991472
3.419597	0.996043	0.995099	0.000943	1.001624	1.000683	1.002021	0.995365	0.994423
3.456011	0.992710	0.994859	-0.002150	0.998522	1.000676	1.002002	0.992041	0.994189
3.492390	0.993262	0.994181	-0.000919	0.999743	1.000669	1.001982	0.992600	0.993518
3.528771	0.994160	0.995461	-0.001300	0.999357	1.000663	1.001962	0.993504	0.994803
3.565172	0.997947	0.997402	0.000545	1.001192	1.000656	1.001942	0.997295	0.996750
3.601564	0.993522	0.994694	-0.001172	0.999477	1.000649	1.001922	0.992880	0.994051
3.637944	0.995486	0.996464	-0.000978	0.999665	1.000643	1.001902	0.994849	0.995826
3.674336	0.999915	1.000746	-0.000831	0.999804	1.000636	1.001882	0.999281	1.000112
3.712926	1.001579	0.999066	0.002514	1.003141	1.000629	1.001861	1.000952	0.998440
3.750774	1.004416	1.003703	0.000713	1.001334	1.000622	1.001841	1.003794	1.003082
3.787153	1.003712	1.006341	-0.002629	0.997988	1.000615	1.001821	1.003097	1.005724
3.823545	1.004104	1.004676	-0.000571	1.000039	1.000608	1.001801	1.003496	1.004067
3.859924	1.003006	1.004359	-0.001353	0.999250	1.000602	1.001781	1.002405	1.003757
3.896327	1.001021	1.002189	-0.001168	0.999425	1.000595	1.001761	1.000428	1.001595
3.932718	0.998620	0.999176	-0.000557	1.000028	1.000588	1.001741	0.998035	0.998591
3.969843	0.997267	1.000416	-0.003149	0.997429	1.000581	1.001721	0.996689	0.999836
4.009146	0.995364	0.997535	-0.002172	0.998399	1.000574	1.001699	0.994795	0.996965
4.045536	1.002556	1.000823	0.001733	1.002298	1.000567	1.001679	1.001989	1.000257
4.081916	0.998389	0.999520	-0.001131	0.999426	1.000561	1.001659	0.997832	0.998962
4.118308	0.998239	0.997228	0.001011	1.001561	1.000554	1.001639	0.997688	0.996678
4.154710	0.997309	0.999851	-0.002543	0.998002	1.000547	1.001619	0.996765	0.999307
4.191123	0.995781	0.996869	-0.001088	0.999450	1.000540	1.001599	0.995245	0.996333
4.227503	0.997299	0.996457	0.000842	1.001373	1.000533	1.001579	0.996769	0.995927
4.264250	0.994430	0.996385	-0.001955	0.998571	1.000527	1.001559	0.993908	0.995862
4.303930	0.995716	0.995153	0.000563	1.001084	1.000519	1.001537	0.995201	0.994639
4.340311	0.992057	0.995660	-0.003602	0.996909	1.000512	1.001517	0.991551	0.995152
4.376690	0.997486	0.999085	-0.001599	0.998905	1.000506	1.001497	0.996984	0.998582
4.413081	1.001401	1.001305	0.000095	1.000593	1.000499	1.001477	1.000903	1.000808
4.449483	1.006564	1.004049	0.002516	1.003008	1.000492	1.001457	1.006071	1.003556
4.489142	1.006574	1.004314	0.002260	1.002746	1.000485	1.001435	1.006088	1.003829
4.526266	1.003784	1.004235	-0.000450	1.000027	1.000478	1.001414	1.003307	1.003757
4.565958	1.004982	1.004721	0.000262	1.000732	1.000470	1.001392	1.004512	1.004250
4.602315	1.002678	1.002635	0.000042	1.000505	1.000464	1.001372	1.002214	1.002172
4.638718	1.002149	1.001220	0.000929	1.001384	1.000457	1.001352	1.001693	1.000764
4.675109	1.002417	1.001490	0.000927	1.001376	1.000450	1.001332	1.001967	1.001041
4.711511	0.999745	1.000573	-0.000829	0.999612	1.000443	1.001312	0.999303	1.000132
4.750781	1.000403	1.001328	-0.000925	0.999510	1.000436	1.001290	0.999969	1.000893
4.787927	1.000123	0.998890	0.001233	1.001657	1.000429	1.001270	0.999695	0.998463
4.824306	0.997631	0.998437	-0.000805	0.999612	1.000422	1.001250	0.997212	0.998017
4.860732	0.997188	0.998240	-0.001052	0.999360	1.000415	1.001229	0.996775	0.997827
4.897089	1.000008	0.997793	0.002215	1.002620	1.000409	1.001209	0.999601	0.997387
4.933502	0.996389	0.995303	0.001086	1.001489	1.000402	1.001189	0.995990	0.994905
4.969883	0.995286	0.995497	-0.000212	1.000183	1.000395	1.001169	0.994894	0.995106
5.006284	0.995483	0.998023	-0.002540	0.997849	1.000388	1.001149	0.995099	0.997637
5.042676	0.996200	0.998027	-0.001827	0.998555	1.000381	1.001129	0.995821	0.997648
5.079056	0.998472	1.000585	-0.002114	0.998260	1.000374	1.001108	0.998099	1.000212
5.115459	1.001199	1.000792	0.000407	1.000774	1.000368	1.001088	1.000832	1.000425
5.151861	1.003229	1.003204	0.000025	1.000386	1.000361	1.001068	1.002869	1.002843
5.188230	1.005781	1.006293	-0.000511	0.999842	1.000354	1.001048	1.005427	1.005938
5.224644	1.007946	1.007137	0.000809	1.001158	1.000347	1.001028	1.007598	1.006789
5.261023	1.004781	1.006120	-0.001339	0.999004	1.000340	1.001007	1.004441	1.005779
5.297414	1.007331	1.005379	0.001952	1.002287	1.000334	1.000987	1.006997	1.005046
5.333794	1.003252	1.003820	-0.000568	0.999759	1.000327	1.000967	1.002926	1.003494
5.372741	1.004111	1.003484	0.000627	1.000946	1.000319	1.000945	1.003792	1.003165
5.410233	1.003044	1.001887	0.001157	1.001469	1.000312	1.000924	1.002732	1.001576
5.446623	0.999944	1.001787	-0.001842	0.998463	1.000305	1.000904	0.999640	1.001482
5.483004	1.002468	1.003055	-0.000587	0.999710	1.000299	1.000884	1.002170	1.002757
5.522328	1.002588	0.999188	0.003400	1.003691	1.000291	1.000862	1.002297	0.998898
5.559441	1.003347	0.999483	0.003864	1.004147	1.000284	1.000841	1.003063	0.999200
5.595833	1.003144	1.001573	0.001571	1.001848	1.000277	1.000821	1.002866	1.001296
5.632225	1.000295	0.998053	0.002242	1.002513	1.000271	1.000801	1.000026	0.997784
5.668626	0.998282	0.995494	0.002788	1.003054	1.000264	1.000781	0.998019	0.995232
5.705017	0.996733	0.996585	0.000148	1.000407	1.000257	1.000760	0.996478	0.996330
5.741398	0.997673	0.997942	-0.000269	0.999984	1.000250	1.000740	0.997425	0.997694
5.777777	0.994453	0.996809	-0.002356	0.997888	1.000243	1.000720	0.994213	0.996568
5.814169	0.999692	0.998961	0.000731	1.000967	1.000236	1.000700	0.999457	0.998726
5.850560	1.001699	1.002991	-0.001292	0.998936	1.000229	1.000679	1.001470	1.002762
5.886973	1.004473	1.005645	-0.001171	0.999050	1.000223	1.000659	1.004251	1.005422
5.923364	1.005502	1.006924	-0.001422	0.998792	1.000216	1.000639	1.005286	1.006707
5.959745	1.008912	1.008932	-0.000020	1.000189	1.000209	1.000618	1.008703	1.008722
5.996124	1.007545	1.007234	0.000311	1.000517	1.000202	1.000598	1.007342	1.007031
6.032526	1.003880	1.004257	-0.000377	0.999819	1.000195	1.000578	1.003685	1.004062
6.068918	1.004485	1.003296	0.001189	1.001377	1.000188	1.000557	1.004297	1.003108
6.105331	1.002198	1.002653	-0.000456	0.999725	1.000181	1.000537	1.002017	1.002472
6.141689	0.999594	1.001415	-0.001821	0.998353	1.000175	1.000517	0.999420	1.001241
6.178092	1.001512	1.001688	-0.000176	0.999991	1.000168	1.000497	1.001345	1.001521
6.214505	1.002249	1.001108	0.001141	1.001301	1.000161	1.000476	1.002089	1.000948
6.250885	1.001234	1.001304	-0.000070	1.000083	1.000154	1.000456	1.001081	1.001151
6.287253	0.999893	1.000658	-0.000764	0.999382	1.000147	1.000436	0.999747	1.000511
6.323656	1.000593	1.002018	-0.001425	0.998715	1.000140	1.000415	1.000453	1.001878
6.360036	0.999332	0.999038	0.000294	1.000427	1.000133	1.000395	0.999199	0.998905
6.396427	0.999145	1.002005	-0.002860	0.997267	1.000127	1.000375	0.999020	1.001879
6.432830	0.997059	0.999598	-0.002539	0.997580	1.000120	1.000354	0.996940	0.999479
6.469231	0.998987	0.997153	0.001834	1.001946	1.000113	1.000334	0.998875	0.997041
6.505612	0.999567	0.998322	0.001244	1.001353	1.000106	1.000314	0.999461	0.998217
6.542003	1.001028	1.001162	-0.000134	0.999965	1.000099	1.000293	1.000929	1.001063
6.578382	1.008682	1.004254	0.004428	1.004519	1.000092	1.000273	1.008590	1.004162
6.614786	1.008529	1.006300	0.002229	1.002313	1.000085	1.000253	1.008444	1.006214
6.651187	1.007582	1.007094	0.000488	1.000567	1.000078	1.000232	1.007503	1.007015
6.687556	1.005763	1.007520	-0.001756	0.998317	1.000072	1.000212	1.005692	1.007448
6.723958	1.005118	1.005581	-0.000463	0.999602	1.000065	1.000192	1.005054	1.005517
6.760350	1.008027	1.006271	0.001756	1.001816	1.000058	1.000171	1.007969	1.006213
6.796730	1.003597	1.003657	-0.000059	0.999991	1.000051	1.000151	1.003546	1.003606
6.833121	1.003914	1.002775	0.001140	1.001183	1.000044	1.000131	1.003871	1.002731
6.869512	1.005929	1.003651	0.002279	1.002316	1.000037	1.000110	1.005892	1.003614
6.905903	1.005427	1.002855	0.002571	1.002602	1.000030	1.000090	1.005397	1.002825
6.942295	1.005263	1.003071	0.002193	1.002216	1.000023	1.000070	1.005240	1.003047
6.978697	0.999272	1.001204	-0.001932	0.998084	1.000017	1.000049	0.999256	1.001188
7.015088	1.001925	0.998922	0.003003	1.003012	1.000010	1.000029	1.001916	0.998913
7.051846	0.999937	0.999380	0.000556	1.000561	1.000003	1.000008	0.999934	0.999378
7.091493	0.999582	0.996982	0.002600	1.002596	0.999995	0.999986	0.999587	0.996987
7.127895	0.996612	0.998300	-0.001688	0.998302	0.999988	0.999966	0.996624	0.998312
7.164286	1.001135	0.999248	0.001888	1.001872	0.999982	0.999945	1.001154	0.999266
7.200676	1.001881	1.003249	-0.001368	0.998607	0.999975	0.999925	1.001906	1.003274
7.237057	1.005532	1.003086	0.002447	1.002414	0.999968	0.999905	1.005565	1.003118
7.273459	1.007903	1.007382	0.000520	1.000485	0.999961	0.999884	1.007942	1.007422
7.309861	1.009719	1.008921	0.000799	1.000754	0.999954	0.999864	1.009766	1.008967
7.346242	1.011019	1.010137	0.000882	1.000830	0.999947	0.999844	1.011073	1.010191
7.382633	1.010664	1.008362	0.002303	1.002248	0.999940	0.999823	1.010725	1.008422
7.419035	1.008229	1.006558	0.001671	1.001605	0.999933	0.999803	1.008296	1.006625
7.455405	1.008343	1.007358	0.000985	1.000914	0.999927	0.999783	1.008417	1.007432
7.491807	1.005373	1.005636	-0.000263	0.999658	0.999920	0.999762	1.005454	1.005717
7.528197	1.005103	1.005377	-0.000274	0.999640	0.999913	0.999742	1.005191	1.005465
7.564610	1.002061	1.001763	0.000298	1.000204	0.999906	0.999722	1.002155	1.001857
7.600980	1.000679	1.002087	-0.001408	0.998491	0.999899	0.999701	1.000780	1.002188
7.637382	1.002226	1.000422	0.001803	1.001696	0.999892	0.999681	1.002334	1.000530
7.673751	1.001755	1.000632	0.001123	1.001008	0.999885	0.999661	1.001870	1.000747
7.710520	1.000417	1.001019	-0.000603	0.999276	0.999878	0.999640	1.000538	1.001141
7.750189	0.999247	0.999142	0.000105	0.999976	0.999871	0.999618	0.999375	0.999271
7.786581	0.998417	1.000322	-0.001905	0.997959	0.999864	0.999598	0.998553	1.000458
7.822982	0.998437	0.999186	-0.000748	0.999110	0.999857	0.999577	0.998580	0.999328
7.859363	0.999352	0.999435	-0.000084	0.999768	0.999850	0.999557	0.999501	0.999585
7.895742	1.003234	1.003029	0.000205	1.000047	0.999843	0.999537	1.003391	1.003186
7.932145	1.004740	1.004837	-0.000097	0.999736	0.999837	0.999516	1.004904	1.005001
7.968546	1.007963	1.005879	0.002084	1.001911	0.999830	0.999496	1.008134	1.006050
8.004949	1.005347	1.004345	0.001002	1.000823	0.999823	0.999476	1.005525	1.004522
8.041318	1.007139	1.006256	0.000883	1.000699	0.999816	0.999456	1.007324	1.006441
8.077709	1.001875	1.004987	-0.003112	0.996698	0.999809	0.999435	1.002066	1.005178
8.114122	1.004841	1.005870	-0.001029	0.998775	0.999802	0.999415	1.005039	1.006068
8.150502	1.002872	1.003965	-0.001093	0.998702	0.999795	0.999395	1.003077	1.004170
8.186893	0.999521	1.001923	-0.002402	0.997386	0.999789	0.999374	0.999732	1.002135
8.223296	1.006058	1.002770	0.003289	1.003070	0.999782	0.999354	1.006278	1.002988
8.259676	1.002464	1.000704	0.001760	1.001535	0.999775	0.999334	1.002689	1.000929
8.296078	0.997569	1.000442	-0.002873	0.996894	0.999768	0.999313	0.997800	1.000674
8.333925	1.000232	1.001116	-0.000883	0.998877	0.999761	0.999292	1.000471	1.001355
8.372495	1.001136	1.002022	-0.000886	0.998867	0.999754	0.999271	1.001382	1.002268
8.408897	1.001039	0.999823	0.001215	1.000961	0.999747	0.999251	1.001292	1.000076
8.445275	1.000052	0.999813	0.000240	0.999981	0.999740	0.999230	1.000312	1.000072
8.481668	0.996766	0.997801	-0.001034	0.998702	0.999733	0.999210	0.997032	0.998067
8.518069	1.000193	1.000531	-0.000338	0.999389	0.999726	0.999190	1.000466	1.000804
8.554451	1.000193	1.002649	-0.002456	0.997262	0.999719	0.999169	1.000473	1.002930
8.590841	1.008349	1.004487	0.003862	1.003573	0.999713	0.999149	1.008639	1.004775
8.627243	1.004781	1.005328	-0.000546	0.999156	0.999706	0.999129	1.005077	1.005623
8.663634	1.006987	1.009325	-0.002338	0.997355	0.999699	0.999109	1.007290	1.009629
8.700004	1.005575	1.005146	0.000429	1.000119	0.999692	0.999088	1.005884	1.005455
8.736405	1.004694	1.004321	0.000373	1.000057	0.999685	0.999068	1.005010	1.004637
8.772786	1.005042	1.008232	-0.003191	0.996490	0.999678	0.999048	1.005364	1.008556
8.809188	1.004832	1.002868	0.001963	1.001635	0.999672	0.999028	1.005161	1.003197
8.845601	1.004059	1.005138	-0.001079	0.998586	0.999665	0.999008	1.004395	1.005475
8.881992	1.001370	1.003409	-0.002040	0.997619	0.999658	0.998987	1.001712	1.003752
8.918349	1.003488	1.002955	0.000533	1.000184	0.999651	0.998967	1.003837	1.003304
8.954753	1.003961	1.003102	0.000859	1.000504	0.999644	0.998947	1.004318	1.003458
8.992599	0.999755	1.001488	-0.001733	0.997904	0.999637	0.998926	1.000117	1.001851
9.031168	1.002374	1.001320	0.001053	1.000683	0.999630	0.998905	1.002744	1.001690
9.067559	1.002238	1.001775	0.000463	1.000086	0.999623	0.998884	1.002615	1.002152
9.103962	0.999332	0.998831	0.000501	1.000119	0.999616	0.998864	0.999715	0.999214
9.140364	1.000412	0.998708	0.001704	1.001314	0.999609	0.998844	1.000802	0.999097
9.176744	0.999988	1.000448	-0.000460	0.999144	0.999603	0.998824	1.000385	1.000845
9.213123	0.997952	0.998309	-0.000357	0.999242	0.999596	0.998804	0.998354	0.998712
9.249527	1.003116	1.001587	0.001528	1.001117	0.999589	0.998783	1.003527	1.001998
9.285906	1.001582	1.002919	-0.001338	0.998242	0.999582	0.998763	1.001999	1.003338
9.322308	1.003375	1.005437	-0.002062	0.997511	0.999575	0.998743	1.003801	1.005863
9.358700	1.004179	1.005334	-0.001155	0.998411	0.999569	0.998723	1.004611	1.005767
9.395080	1.004658	1.004653	0.000005	0.999565	0.999562	0.998703	1.005098	1.005093
9.431481	1.007647	1.006857	0.000790	1.000341	0.999555	0.998683	1.008095	1.007304
9.467884	1.005564	1.005311	0.000253	0.999802	0.999548	0.998663	1.006018	1.005765
9.504287	1.007158	1.006131	0.001027	1.000567	0.999541	0.998643	1.007619	1.006592
9.540689	1.002116	1.005576	-0.003460	0.996075	0.999535	0.998622	1.002581	1.006043
9.577069	1.004934	1.004118	0.000816	1.000344	0.999528	0.998602	1.005407	1.004591
9.613471	1.006047	1.002412	0.003634	1.003155	0.999521	0.998582	1.006528	1.002892
9.649851	1.003389	1.001728	0.001660	1.001175	0.999514	0.998562	1.003875	1.002214
9.686254	1.001099	1.003493	-0.002394	0.997113	0.999507	0.998542	1.001592	1.003986
9.722633	1.002029	1.001278	0.000751	1.000252	0.999501	0.998522	1.002528	1.001777
9.759025	0.999847	1.000895	-0.001048	0.998447	0.999494	0.998502	1.000352	1.001400
9.795426	0.999101	0.999945	-0.000844	0.998645	0.999487	0.998482	0.999612	1.000457
9.831818	0.997579	0.998555	-0.000976	0.998506	0.999480	0.998462	0.998097	0.999073
9.868186	1.002364	0.999973	0.002391	1.001866	0.999474	0.998442	1.002890	1.000498
9.904600	1.000589	1.001338	-0.000749	0.998718	0.999467	0.998422	1.001122	1.001871
9.940969	1.002954	1.003610	-0.000657	0.998801	0.999460	0.998402	1.003494	1.004151
9.977370	1.004034	1.003806	0.000229	0.999679	0.999453	0.998382	1.004582	1.004353
10.013762	1.007406	1.005448	0.001958	1.001402	0.999447	0.998362	1.007963	1.006003
10.050164	1.007944	1.008186	-0.000242	0.999197	0.999440	0.998342	1.008507	1.008750
10.086555	1.003532	1.005989	-0.002456	0.996971	0.999433	0.998322	1.004100	1.006558
10.122936	1.004851	1.005423	-0.000572	0.998853	0.999426	0.998302	1.005426	1.005999
10.160417	1.003757	1.004007	-0.000251	0.999169	0.999419	0.998281	1.004338	1.004589
10.199363	1.003571	1.004271	-0.000700	0.998711	0.999412	0.998260	1.004160	1.004861
10.235753	0.997634	1.001867	-0.004233	0.995172	0.999405	0.998240	0.998226	1.002462
10.272145	1.000219	1.001001	-0.000782	0.998617	0.999399	0.998220	1.000820	1.001602
10.308525	1.003340	1.002396	0.000943	1.000335	0.999392	0.998200	1.003949	1.003005
10.344927	1.002663	1.000324	0.002339	1.001723	0.999385	0.998180	1.003279	1.000938
10.381307	0.999469	0.999268	0.000201	0.999579	0.999378	0.998160	1.000089	0.999888
10.417721	0.999514	0.998528	0.000986	1.000359	0.999372	0.998140	1.000140	0.999154
10.454101	1.000598	0.997198	0.003400	1.002768	0.999365	0.998120	1.001232	0.997830
10.490480	0.995524	0.995973	-0.000449	0.998914	0.999358	0.998100	0.996162	0.996611
10.526904	0.997077	0.997750	-0.000673	0.998682	0.999352	0.998080	0.997723	0.998396
10.563286	0.995275	0.996565	-0.001290	0.998059	0.999345	0.998061	0.995926	0.997217
10.599677	0.999977	0.999227	0.000750	1.000090	0.999338	0.998041	1.000638	0.999887
10.636056	1.001280	1.002136	-0.000856	0.998474	0.999331	0.998021	1.001949	1.002805
10.672447	1.003106	1.004604	-0.001498	0.997824	0.999325	0.998001	1.003782	1.005281
10.708850	0.999624	1.004876	-0.005253	0.994064	0.999318	0.997981	1.000304	1.005560
10.745230	1.004629	1.005359	-0.000730	0.998577	0.999311	0.997961	1.005319	1.006050
10.781610	1.004488	1.005566	-0.001078	0.998223	0.999305	0.997942	1.005185	1.006264
10.818024	1.004869	1.005229	-0.000361	0.998934	0.999298	0.997922	1.005573	1.005934
10.854414	1.002228	1.002661	-0.000434	0.998857	0.999291	0.997902	1.002937	1.003371
10.890794	1.001606	1.002637	-0.001032	0.998253	0.999285	0.997882	1.002321	1.003353
10.927185	1.000768	1.000425	0.000343	0.999622	0.999278	0.997863	1.001490	1.001146
10.963588	0.998535	0.999442	-0.000907	0.998366	0.999271	0.997843	0.999262	1.000169
10.999990	0.999284	0.999677	-0.000393	0.998873	0.999265	0.997823	1.000017	1.000411
11.036382	0.999689	0.998390	0.001299	1.000559	0.999258	0.997803	1.000430	0.999130
11.072750	0.997502	0.996842	0.000660	0.999914	0.999251	0.997784	0.998248	0.997587
11.109163	0.996683	0.998580	-0.001898	0.997350	0.999245	0.997764	0.997434	0.999333
11.145555	0.998519	0.998519	0.000001	0.999241	0.999238	0.997744	0.999279	0.999278
11.181933	0.997754	0.996298	0.001456	1.000691	0.999231	0.997724	0.998520	0.997063
11.218359	1.000485	0.997769	0.002716	1.001946	0.999225	0.997705	1.001259	0.998541
11.254727	0.995318	0.996996	-0.001679	0.997544	0.999218	0.997685	0.996095	0.997775
11.291119	0.993719	0.995686	-0.001967	0.997249	0.999211	0.997665	0.994502	0.996470
11.327498	0.998701	0.999208	-0.000507	0.998700	0.999205	0.997646	0.999494	1.000002
11.363935	1.003460	1.000407	0.003053	1.002252	0.999198	0.997626	1.004264	1.001208
11.400282	1.003706	1.003744	-0.000038	0.999153	0.999191	0.997607	1.004516	1.004554
11.436694	1.005336	1.005060	0.000276	0.999460	0.999185	0.997587	1.006154	1.005878
11.473063	1.003681	1.002855	0.000826	1.000003	0.999178	0.997567	1.004505	1.003677
11.509477	1.000265	1.002123	-0.001858	0.997314	0.999172	0.997548	1.001092	1.002952
11.545845	1.001759	1.002763	-0.001004	0.998160	0.999165	0.997528	1.002594	1.003599
11.582260	1.000572	0.999703	0.000869	1.000030	0.999158	0.997509	1.001413	1.000543
11.618650	1.000510	0.999216	0.001294	1.000448	0.999152	0.997489	1.001358	1.000062
11.655030	0.996312	0.997801	-0.001489	0.997661	0.999145	0.997470	0.997162	0.998653
11.691421	1.000700	1.000010	0.000690	0.999830	0.999139	0.997450	1.001561	1.000870
11.727834	0.993943	0.996891	-0.002948	0.996189	0.999132	0.997431	0.994804	0.997755
11.764204	0.994411	0.996904	-0.002493	0.996634	0.999125	0.997411	0.995279	0.997775
11.800606	0.995495	0.994583	0.000912	1.000036	0.999119	0.997392	0.996370	0.995458
11.836997	0.994868	0.995980	-0.001111	0.998007	0.999112	0.997372	0.995750	0.996862
11.873377	0.996710	0.994156	0.002554	1.001669	0.999106	0.997353	0.997600	0.995044
11.909768	0.995269	0.993888	0.001381	1.000491	0.999099	0.997333	0.996164	0.994781
11.946171	0.993597	0.994839	-0.001242	0.997857	0.999093	0.997314	0.994497	0.995740
11.982552	0.995195	0.993268	0.001926	1.001018	0.999086	0.997294	0.996103	0.994174
12.018943	0.996207	0.996346	-0.000139	0.998946	0.999079	0.997275	0.997122	0.997262
12.055344	0.997059	0.998445	-0.001386	0.997691	0.999073	0.997256	0.997982	0.999370
12.091735	0.998537	0.999401	-0.000865	0.998204	0.999066	0.997236	0.999467	1.000333
12.128137	1.001989	1.002353	-0.000364	0.998695	0.999060	0.997217	1.002930	1.003293
12.164517	1.003698	1.002802	0.000896	0.999949	0.999053	0.997198	1.004646	1.003750
12.200908	1.002418	1.003379	-0.000962	0.998083	0.999047	0.997178	1.003371	1.004334
12.237310	1.003916	1.001394	0.002522	1.001562	0.999040	0.997159	1.004878	1.002354
12.273713	1.000069	0.998198	0.001871	1.000906	0.999034	0.997140	1.001034	0.999161
12.310071	0.997371	0.996531	0.000840	0.999869	0.999027	0.997120	0.998340	0.997499
12.346474	0.996623	0.995656	0.000967	0.999993	0.999021	0.997101	0.997597	0.996630
12.382864	0.998603	0.996258	0.002345	1.001361	0.999014	0.997082	0.999586	0.997239
12.419267	1.000076	0.994090	0.005986	1.004997	0.999008	0.997063	1.001067	0.995075
12.455647	0.994517	0.992064	0.002453	1.001457	0.999001	0.997043	0.995509	0.993053
12.492037	0.995592	0.994068	0.001524	1.000529	0.998995	0.997024	0.996591	0.995066
12.530618	0.995479	0.993365	0.002115	1.001111	0.998988	0.997004	0.996485	0.994368
12.568464	0.994983	0.994087	0.000897	0.999879	0.998981	0.996984	0.995996	0.995098
12.604844	0.992779	0.991971	0.000808	0.999786	0.998975	0.996965	0.993796	0.992987
12.641235	0.988479	0.993238	-0.004758	0.994219	0.998968	0.996946	0.989498	0.994261
12.677627	0.993115	0.995517	-0.002402	0.996564	0.998962	0.996927	0.994145	0.996549
12.714018	0.996993	0.998169	-0.001176	0.997783	0.998955	0.996907	0.998033	0.999210
12.750398	0.999434	0.998191	0.001243	1.000196	0.998949	0.996888	1.000483	0.999238
12.786811	0.999969	0.997615	0.002354	1.001302	0.998942	0.996869	1.001025	0.998669
12.823192	1.001208	1.000610	0.000597	0.999534	0.998936	0.996850	1.002271	1.001673
12.859605	0.997478	0.998756	-0.001278	0.997656	0.998929	0.996831	0.998544	0.999823
12.897429	0.996684	0.998815	-0.002131	0.996795	0.998923	0.996811	0.997756	0.999889
12.936008	0.993614	0.994841	-0.001227	0.997691	0.998916	0.996791	0.994689	0.995918
12.972379	0.997883	0.996363	0.001520	1.000433	0.998910	0.996772	0.998969	0.997448
13.008813	0.993097	0.994144	-0.001047	0.997865	0.998903	0.996753	0.994185	0.995233
13.045183	0.990854	0.993102	-0.002248	0.996652	0.998897	0.996734	0.991945	0.994196
13.081585	0.991868	0.992663	-0.000795	0.998105	0.998890	0.996715	0.992967	0.993762
13.117965	0.993061	0.992811	0.000249	0.999139	0.998884	0.996696	0.994167	0.993918
13.154366	0.991216	0.992086	-0.000869	0.998017	0.998878	0.996677	0.992327	0.993197
13.190725	0.992919	0.992895	0.000025	0.998900	0.998871	0.996659	0.994038	0.994014
13.227150	0.991766	0.991951	-0.000185	0.998690	0.998865	0.996640	0.992890	0.993076
13.263518	0.990191	0.990510	-0.000319	0.998551	0.998858	0.996621	0.991320	0.991639
13.299932	0.993051	0.992131	0.000920	0.999781	0.998852	0.996602	0.994189	0.993268
13.336289	0.993163	0.994214	-0.001051	0.997802	0.998846	0.996583	0.994308	0.995360
13.372714	0.996522	0.995898	0.000625	0.999471	0.998839	0.996564	0.997677	0.997052
13.409072	0.998194	0.998376	-0.000181	0.998654	0.998833	0.996546	0.999357	0.999539
13.445485	0.999633	0.999397	0.000236	0.999066	0.998827	0.996527	1.000804	1.000568
13.481854	1.000245	0.999790	0.000454	0.999273	0.998820	0.996508	1.001423	1.000968
13.518278	0.995958	0.997387	-0.001429	0.997386	0.998814	0.996489	0.997137	0.998569
13.554669	0.997194	0.994869	0.002326	1.001137	0.998808	0.996471	0.998381	0.996053
13.591050	0.995949	0.995481	0.000468	0.999269	0.998801	0.996452	0.997141	0.996673
13.627441	0.997176	0.993765	0.003411	1.002205	0.998795	0.996433	0.998375	0.994960
13.663832	0.994293	0.995416	-0.001124	0.997667	0.998789	0.996415	0.995495	0.996620
13.700201	0.987918	0.991362	-0.003444	0.995339	0.998782	0.996396	0.989119	0.992568
13.736614	0.993125	0.991828	0.001297	1.000076	0.998776	0.996377	0.994339	0.993040
13.773016	0.991417	0.991453	-0.000036	0.998739	0.998770	0.996359	0.992634	0.992670
13.811212	0.988762	0.991332	-0.002570	0.996191	0.998763	0.996339	0.989983	0.992557
14.052057	1.001774	1.001072	0.000701	0.996472	0.998722	0.996217	1.005568	1.004864
14.088449	0.997628	1.001506	-0.003877	0.992102	0.998716	0.996198	1.001425	1.005317
14.124840	1.001683	1.001224	0.000459	0.996341	0.998709	0.996180	1.005514	1.005053
14.161264	0.997425	1.002229	-0.004804	0.991421	0.998703	0.996161	1.001258	1.006081
14.197633	1.004215	1.002463	0.001753	0.998025	0.998697	0.996143	1.008093	1.006334
14.234024	1.003562	1.001782	0.001781	0.997860	0.998691	0.996125	1.007456	1.005668
14.270404	1.003329	1.002624	0.000705	0.996964	0.998685	0.996106	1.007240	1.006533
14.306807	0.998135	1.000686	-0.002552	0.993057	0.998678	0.996088	1.002044	1.004606
14.343186	1.001813	1.002371	-0.000558	0.995654	0.998672	0.996070	1.005755	1.006316
14.379588	1.003138	1.001926	0.001212	0.997330	0.998666	0.996051	1.007104	1.005887
14.415968	0.999254	1.001703	-0.002449	0.993596	0.998660	0.996033	1.003223	1.005682
14.452371	1.000737	1.000709	0.000028	0.995699	0.998654	0.996015	1.004730	1.004702
14.488750	0.998881	1.001123	-0.002242	0.993615	0.998648	0.995997	1.002885	1.005136
14.525154	1.003164	1.001061	0.002104	0.997945	0.998641	0.995978	1.007204	1.005092
14.561534	1.003879	1.001842	0.002037	0.998084	0.998635	0.995960	1.007940	1.005894
14.597947	1.003351	1.001305	0.002047	0.997870	0.998629	0.995942	1.007428	1.005373
14.634338	1.002644	1.002138	0.000506	0.996537	0.998623	0.995924	1.006736	1.006228
14.670729	1.001699	1.002229	-0.000530	0.995492	0.998617	0.995906	1.005806	1.006338
14.707108	1.004305	1.002653	0.001652	0.997714	0.998611	0.995888	1.008441	1.006782
14.743522	1.005995	1.003069	0.002926	0.998886	0.998605	0.995870	1.010156	1.007218
14.779892	1.004017	1.002556	0.001461	0.997479	0.998599	0.995852	1.008187	1.006720
14.816294	1.001754	1.003294	-0.001540	0.994072	0.998592	0.995834	1.005934	1.007480
14.852696	0.999326	1.002480	-0.003154	0.992803	0.998586	0.995815	1.003514	1.006681
14.889075	1.002276	1.001937	0.000339	0.996240	0.998580	0.995798	1.006494	1.006154
14.925455	1.000562	1.001894	-0.001331	0.994582	0.998574	0.995780	1.004791	1.006128
14.961846	1.002663	1.002452	0.000211	0.996082	0.998568	0.995762	1.006919	1.006707
14.999327	1.003487	1.001355	0.002132	0.997912	0.998562	0.995743	1.007765	1.005624
15.038274	1.005536	1.001472	0.004064	0.999827	0.998555	0.995724	1.009842	1.005761
15.074654	1.000656	1.002287	-0.001631	0.994157	0.998549	0.995706	1.004959	1.006597
15.111045	1.002947	1.000683	0.002264	0.997779	0.998543	0.995688	1.007278	1.005005
15.147458	1.002404	1.000807	0.001598	0.997135	0.998537	0.995670	1.006751	1.005147
15.183848	1.001112	1.001608	-0.000496	0.995285	0.998531	0.995653	1.005471	1.005969
15.220229	0.999338	1.001517	-0.002180	0.993503	0.998525	0.995635	1.003707	1.005896
15.256632	1.003019	1.002858	0.000161	0.995051	0.998519	0.995617	1.007422	1.007260
15.293012	1.001599	1.002001	-0.000402	0.995342	0.998513	0.995599	1.006014	1.006418
15.329404	1.005495	1.002881	0.002614	0.998213	0.998507	0.995582	1.009945	1.007320
15.365794	1.004728	1.003171	0.001557	0.996751	0.998501	0.995564	1.009192	1.007629
15.402184	1.002859	1.001984	0.000874	0.996565	0.998495	0.995546	1.007333	1.006454
15.438587	1.004430	1.002017	0.002412	0.998061	0.998489	0.995528	1.008928	1.006505
15.474967	1.001027	1.001773	-0.000746	0.994902	0.998483	0.995511	1.005528	1.006278
15.511358	0.999199	1.001760	-0.002561	0.993021	0.998477	0.995493	1.003710	1.006282
15.547738	0.998976	1.001322	-0.002346	0.993215	0.998471	0.995476	1.003503	1.005860
15.584141	1.003515	1.000951	0.002564	0.998087	0.998466	0.995458	1.008081	1.005505
15.620543	1.005078	1.000745	0.004334	0.999778	0.998460	0.995440	1.009669	1.005316
15.656923	1.003423	1.000446	0.002978	0.998318	0.998454	0.995423	1.008024	1.005033
15.693304	0.999461	1.000794	-0.001333	0.994082	0.998448	0.995405	1.004062	1.005400
15.729706	0.997250	1.000742	-0.003492	0.991894	0.998442	0.995388	1.001858	1.005365
15.766085	0.998391	0.999802	-0.001411	0.993646	0.998436	0.995371	1.003021	1.004439
15.802476	0.998177	0.999976	-0.001798	0.993377	0.998430	0.995353	1.002824	1.004631
15.838879	1.001307	1.000547	0.000760	0.996078	0.998424	0.995336	1.005986	1.005222
15.875258	1.000423	1.001367	-0.000944	0.994487	0.998418	0.995318	1.005115	1.006064
15.911661	1.002615	1.001485	0.001130	0.996562	0.998412	0.995301	1.007335	1.006200
15.948041	0.999303	1.001974	-0.002671	0.992739	0.998407	0.995284	1.004025	1.006709
15.984454	1.001408	1.002299	-0.000891	0.994453	0.998401	0.995266	1.006157	1.007053
16.020823	0.999977	1.002307	-0.002330	0.992862	0.998395	0.995249	1.004737	1.007078
16.060148	0.997562	1.002003	-0.004441	0.990830	0.998389	0.995230	1.002329	1.006792
16.097250	1.001431	1.001982	-0.000551	0.994664	0.998383	0.995213	1.006234	1.006788
16.136919	1.003502	1.001420	0.002082	0.997409	0.998376	0.995194	1.008334	1.006242
16.173700	1.005728	1.001576	0.004152	0.999454	0.998371	0.995177	1.010589	1.006417
16.210091	1.000077	1.001357	-0.001279	0.993930	0.998365	0.995160	1.004928	1.006213
16.246458	1.000870	1.001187	-0.000317	0.994947	0.998359	0.995143	1.005742	1.006060
16.282871	0.997942	1.001177	-0.003235	0.992020	0.998353	0.995125	1.002816	1.006067
16.319252	0.997808	1.000358	-0.002550	0.992567	0.998347	0.995108	1.002699	1.005262
16.355633	0.997664	1.000577	-0.002913	0.992286	0.998342	0.995091	1.002572	1.005499
16.392012	1.000441	1.000793	-0.000352	0.994805	0.998336	0.995074	1.005380	1.005733
16.428415	1.000528	1.000429	0.000099	0.995236	0.998330	0.995057	1.005484	1.005385
16.464806	0.997533	1.000437	-0.002903	0.992211	0.998324	0.995040	1.002491	1.005409
16.501219	0.998676	0.999807	-0.001132	0.993778	0.998319	0.995023	1.003657	1.004794
16.537588	0.997511	0.999551	-0.002040	0.992692	0.998313	0.995006	1.002503	1.004554
16.573980	1.000591	1.000741	-0.000151	0.994945	0.998307	0.994989	1.005615	1.005767
16.610382	1.000875	1.000228	0.000647	0.995551	0.998302	0.994973	1.005918	1.005268
16.646784	1.001488	1.000747	0.000741	0.995747	0.998296	0.994956	1.006551	1.005806
16.683142	0.997889	1.001351	-0.003462	0.991621	0.998290	0.994939	1.002950	1.006430
16.719545	1.001606	1.000702	0.000904	0.995927	0.998285	0.994922	1.006703	1.005795
16.755936	0.998717	0.999496	-0.000779	0.993782	0.998279	0.994905	1.003816	1.004599
16.792337	1.000927	1.000165	0.000762	0.995708	0.998273	0.994889	1.006055	1.005289
16.828728	0.999480	0.999741	-0.000261	0.994434	0.998268	0.994872	1.004618	1.004879
16.865108	1.002786	1.000202	0.002584	0.997500	0.998262	0.994855	1.007957	1.005360
16.901510	1.000273	0.999357	0.000916	0.995514	0.998256	0.994839	1.005448	1.004528
16.942657	1.001294	0.999574	0.001720	0.996409	0.998250	0.994820	1.006493	1.004764
16.983404	1.001693	0.999499	0.002194	0.996966	0.998244	0.994801	1.006913	1.004707
17.021606	1.000150	0.999295	0.000855	0.995424	0.998238	0.994784	1.005380	1.004521
17.057999	0.998826	1.000066	-0.001240	0.993583	0.998232	0.994767	1.004065	1.005312
17.094378	1.000898	0.999299	0.001600	0.996278	0.998227	0.994751	1.006165	1.004557
17.132969	1.002000	0.999054	0.002946	0.997400	0.998221	0.994733	1.007291	1.004329
17.170816	0.999985	1.000478	-0.000492	0.994342	0.998215	0.994716	1.005282	1.005777
17.207230	0.996999	1.000338	-0.003339	0.991455	0.998209	0.994700	1.002296	1.005653
17.243587	1.001501	1.000487	0.001014	0.995808	0.998204	0.994683	1.006839	1.005820
17.283646	1.001346	1.001098	0.000247	0.994900	0.998198	0.994665	1.006701	1.006452
17.320036	1.003029	1.001154	0.001875	0.996544	0.998192	0.994649	1.008410	1.006525
17.356405	1.001679	1.000715	0.000964	0.995725	0.998187	0.994632	1.007069	1.006100
17.392807	1.002689	1.000739	0.001950	0.996692	0.998181	0.994616	1.008101	1.006140
17.429232	1.001802	1.000682	0.001121	0.995817	0.998176	0.994600	1.007226	1.006099
17.465578	1.001009	1.000670	0.000339	0.995002	0.998170	0.994584	1.006445	1.006104
17.501982	0.998249	1.000613	-0.002364	0.992243	0.998165	0.994567	1.003686	1.006063
17.538372	0.999240	1.000160	-0.000920	0.993718	0.998159	0.994551	1.004699	1.005624
17.574764	0.998696	0.999926	-0.001231	0.993414	0.998154	0.994535	1.004168	1.005405
17.611166	1.000147	0.999568	0.000579	0.995199	0.998148	0.994519	1.005644	1.005062
17.647556	0.999013	0.999924	-0.000911	0.993698	0.998143	0.994503	1.004519	1.005436
17.683958	1.000747	0.999057	0.001690	0.996152	0.998137	0.994487	1.006279	1.004579
17.720318	1.000575	0.999177	0.001399	0.995875	0.998132	0.994471	1.006123	1.004716
17.756720	0.998032	0.999448	-0.001415	0.993120	0.998127	0.994455	1.003582	1.005005
17.793110	0.996614	0.999113	-0.002499	0.992028	0.998121	0.994439	1.002172	1.004685
17.829500	0.996329	0.998510	-0.002181	0.992090	0.998116	0.994423	1.001901	1.004094
17.865904	1.001134	0.998973	0.002162	0.996431	0.998110	0.994407	1.006750	1.004576
17.902317	1.000693	0.999785	0.000908	0.995371	0.998105	0.994391	1.006322	1.005408
17.938675	1.001971	0.999559	0.002412	0.996793	0.998100	0.994375	1.007623	1.005198
17.975065	0.999339	1.000133	-0.000794	0.993666	0.998094	0.994359	1.004992	1.005791
18.011457	1.002723	1.000090	0.002632	0.997074	0.998089	0.994343	1.008411	1.005764
18.047848	1.000426	1.000378	0.000048	0.994453	0.998084	0.994327	1.006117	1.006069
18.084229	0.997424	1.000057	-0.002634	0.991794	0.998078	0.994312	1.003114	1.005762
18.120651	1.002082	1.000358	0.001724	0.996119	0.998073	0.994296	1.007815	1.006081
18.157021	1.000653	1.000329	0.000324	0.994641	0.998068	0.994280	1.006392	1.006067
18.193424	0.998284	0.999433	-0.001149	0.993221	0.998062	0.994265	1.004026	1.005181
18.233103	0.995655	0.999376	-0.003721	0.990608	0.998057	0.994247	1.001399	1.005141
18.269840	0.999215	0.999414	-0.000199	0.994082	0.998051	0.994232	1.004996	1.005196
18.306208	1.001544	0.999650	0.001894	0.996185	0.998046	0.994216	1.007354	1.005449
18.342621	1.001410	0.999556	0.001854	0.996003	0.998041	0.994201	1.007234	1.005370
18.378990	1.000360	0.999276	0.001085	0.995334	0.998035	0.994185	1.006195	1.005103
18.415426	1.001036	0.999188	0.001848	0.996121	0.998030	0.994170	1.006890	1.005031
18.451773	0.999078	0.998515	0.000564	0.994680	0.998025	0.994154	1.004936	1.004369
18.488209	0.998334	0.999489	-0.001155	0.993077	0.998020	0.994139	1.004203	1.005365
18.524567	1.001898	0.999830	0.002069	0.996293	0.998015	0.994123	1.007804	1.005723
18.561001	1.003394	1.000319	0.003074	0.997152	0.998009	0.994108	1.009324	1.006231
18.597338	1.003517	1.000262	0.003255	0.996855	0.998004	0.994093	1.009463	1.006189
18.633749	0.999316	1.000069	-0.000754	0.993257	0.997999	0.994077	1.005253	1.006011
18.670141	0.998523	0.999882	-0.001359	0.992782	0.997994	0.994062	1.004470	1.005837
18.706533	0.998906	1.000028	-0.001122	0.992937	0.997989	0.994047	1.004871	1.006000
18.742912	1.004592	0.999188	0.005405	0.999519	0.997984	0.994031	1.010607	1.005170
18.781860	1.001621	0.999360	0.002262	0.996367	0.997978	0.994015	1.007635	1.005359
18.819328	0.997367	0.999360	-0.001993	0.991752	0.997973	0.994000	1.003371	1.005376
18.855730	1.000645	0.999567	0.001078	0.995005	0.997968	0.993984	1.006684	1.005599
18.892134	1.004675	0.998944	0.005731	0.999744	0.997963	0.993969	1.010753	1.004988
18.928535	0.997772	0.999007	-0.001234	0.992751	0.997958	0.993954	1.003824	1.005066
18.964905	0.999507	0.998488	0.001019	0.995028	0.997952	0.993939	1.005584	1.004559
19.001318	0.999705	0.998776	0.000929	0.994955	0.997947	0.993924	1.005799	1.004864
19.037687	0.998947	0.998467	0.000481	0.994461	0.997942	0.993909	1.005051	1.004568
19.074078	0.997283	0.998368	-0.001086	0.992909	0.997937	0.993894	1.003392	1.004484
19.114124	1.000327	0.997973	0.002354	0.996059	0.997932	0.993878	1.006471	1.004103
19.150517	0.999798	0.999021	0.000777	0.994730	0.997927	0.993863	1.005954	1.005172
19.186886	1.001640	0.999603	0.002037	0.995914	0.997922	0.993848	1.007822	1.005772
19.223288	0.998370	0.999685	-0.001315	0.992591	0.997917	0.993833	1.004547	1.005870
19.259689	0.999152	0.999632	-0.000480	0.993120	0.997912	0.993819	1.005349	1.005832
19.296059	0.995720	0.999294	-0.003574	0.990244	0.997907	0.993804	1.001910	1.005506
19.332460	0.996981	0.999061	-0.002080	0.990917	0.997902	0.993789	1.003194	1.005286
19.368862	0.999083	0.998646	0.000437	0.993963	0.997897	0.993774	1.005324	1.004884
19.405243	0.997768	0.998652	-0.000883	0.992935	0.997892	0.993760	1.004016	1.004905
19.441633	0.997008	0.998804	-0.001796	0.992008	0.997887	0.993745	1.003265	1.005073
19.478014	0.997057	0.998352	-0.001295	0.992512	0.997882	0.993731	1.003330	1.004633
19.514416	0.992170	0.997744	-0.005574	0.988162	0.997877	0.993716	0.998426	1.004035
19.550797	0.999884	0.998291	0.001593	0.995371	0.997872	0.993702	1.006204	1.004601
19.587198	1.000082	0.998205	0.001877	0.995646	0.997867	0.993687	1.006417	1.004528
19.623589	0.995820	0.997674	-0.001855	0.991889	0.997862	0.993673	1.002143	1.004009
19.659981	0.997045	0.997769	-0.000724	0.992994	0.997857	0.993658	1.003390	1.004119
19.696360	0.999730	0.997978	0.001752	0.995313	0.997853	0.993644	1.006106	1.004344
19.732775	0.997781	0.997931	-0.000150	0.993533	0.997848	0.993629	1.004160	1.004311
19.770998	0.997145	0.997892	-0.000746	0.992851	0.997843	0.993614	1.003535	1.004286
19.809177	0.997899	0.998800	-0.000901	0.992706	0.997838	0.993599	1.004309	1.005216
19.847425	0.999367	0.998483	0.000884	0.994521	0.997833	0.993584	1.005801	1.004912
19.885616	0.998902	0.998704	0.000198	0.993859	0.997827	0.993569	1.005349	1.005149
19.922009	0.996129	0.998508	-0.002379	0.991234	0.997823	0.993555	1.002572	1.004966
19.958387	1.000081	0.998929	0.001152	0.994583	0.997818	0.993541	1.006564	1.005404
19.994801	0.995778	0.998492	-0.002714	0.990913	0.997813	0.993527	1.002247	1.004979
20.031170	0.996483	0.998468	-0.001984	0.991523	0.997808	0.993513	1.002971	1.004968
20.067604	0.998573	0.997813	0.000760	0.994341	0.997804	0.993499	1.005088	1.004324
20.103973	0.996507	0.998349	-0.001842	0.991740	0.997799	0.993485	1.003024	1.004878
20.140366	0.997512	0.997940	-0.000427	0.992801	0.997794	0.993471	1.004049	1.004479
20.176746	0.997860	0.997615	0.000245	0.993762	0.997789	0.993457	1.004414	1.004167
20.214970	0.996509	0.997461	-0.000953	0.992562	0.997784	0.993442	1.003068	1.004027
20.253183	0.996603	0.997284	-0.000680	0.992740	0.997780	0.993428	1.003178	1.003863
20.289576	0.997341	0.997077	0.000264	0.993766	0.997775	0.993414	1.003934	1.003669
20.326311	0.997560	0.997128	0.000431	0.993869	0.997770	0.993400	1.004169	1.003734
20.365990	0.995083	0.997276	-0.002194	0.991290	0.997765	0.993385	1.001690	1.003898
20.402382	0.999580	0.997163	0.002418	0.995807	0.997760	0.993371	1.006232	1.003798
20.438763	0.996712	0.997409	-0.000698	0.992739	0.997756	0.993357	1.003358	1.004060
20.475153	0.999164	0.997800	0.001363	0.994788	0.997751	0.993344	1.005840	1.004467
20.511543	0.995551	0.998370	-0.002819	0.990489	0.997747	0.993330	1.002217	1.005054
20.547947	0.999326	0.998316	0.001010	0.994425	0.997742	0.993316	1.006031	1.005014
20.584326	1.001023	0.998420	0.002602	0.995958	0.997737	0.993303	1.007753	1.005133
20.620728	0.996180	0.998371	-0.002190	0.991065	0.997733	0.993289	1.002891	1.005096
20.657108	0.994622	0.998090	-0.003469	0.989605	0.997728	0.993276	1.001336	1.004828
20.696800	0.998626	0.997903	0.000723	0.994051	0.997723	0.993261	1.005382	1.004654
20.733547	0.997529	0.997724	-0.000195	0.992988	0.997719	0.993247	1.004291	1.004488
20.772470	0.997798	0.997627	0.000171	0.993199	0.997714	0.993233	1.004576	1.004404
20.813595	1.001418	0.997591	0.003828	0.997018	0.997709	0.993218	1.008237	1.004383
20.849998	0.995875	0.997072	-0.001197	0.992004	0.997704	0.993205	1.002669	1.003874
20.893663	0.998021	0.996827	0.001194	0.994273	0.997699	0.993189	1.004846	1.003644
