0.562708	0.998519	0.997735	0.000784	1.007254	1.006481	1.005962	0.992062	0.991283
0.599095	0.997210	0.997161	0.000048	1.006472	1.006428	1.005914	0.990814	0.990766
0.635491	0.997903	0.998821	-0.000918	1.005455	1.006374	1.005864	0.991556	0.992468
0.673666	0.998567	0.998910	-0.000343	1.005965	1.006317	1.005812	0.992272	0.992613
0.711898	0.997816	0.999508	-0.001692	1.004563	1.006259	1.005758	0.991584	0.993265
0.748283	0.997586	0.997499	0.000087	1.006281	1.006202	1.005706	0.991411	0.991324
0.784669	0.998543	0.997584	0.000959	1.007092	1.006145	1.005654	0.992418	0.991465
0.823599	0.995733	0.995862	-0.000130	1.005938	1.006084	1.005597	0.989686	0.989815
0.861074	0.996070	0.997439	-0.001369	1.004642	1.006024	1.005542	0.990080	0.991441
0.897449	0.996907	0.997573	-0.000666	1.005286	1.005964	1.005487	0.990970	0.991633
0.933835	0.995992	0.995416	0.000576	1.006466	1.005905	1.005432	0.990120	0.989548
0.970233	0.994275	0.993592	0.000683	1.006516	1.005844	1.005377	0.988473	0.987794
1.006619	0.993602	0.994532	-0.000930	1.004859	1.005783	1.005321	0.987864	0.988789
1.043005	0.995605	0.997048	-0.001443	1.004278	1.005722	1.005264	0.989916	0.991351
1.079391	0.996200	0.995685	0.000514	1.006188	1.005660	1.005207	0.990568	0.990057
1.115777	0.993748	0.998503	-0.004756	1.000908	1.005598	1.005150	0.988192	0.992921
1.152162	0.997772	0.997508	0.000264	1.005809	1.005535	1.005092	0.992256	0.991994
1.192549	0.996878	0.997188	-0.000310	1.005171	1.005464	1.005027	0.991436	0.991744
1.232212	0.995940	0.997381	-0.001442	1.003952	1.005395	1.004963	0.990572	0.992006
1.268609	0.998777	0.998344	0.000433	1.005763	1.005331	1.004904	0.993458	0.993027
1.304985	1.000346	0.998768	0.001578	1.006844	1.005266	1.004845	0.995083	0.993513
1.341370	0.997098	0.997966	-0.000868	1.004330	1.005201	1.004785	0.991915	0.992779
1.377746	0.998524	0.997570	0.000954	1.006087	1.005136	1.004726	0.993398	0.992450
1.414143	0.996836	0.996739	0.000097	1.005167	1.005071	1.004665	0.991784	0.991688
1.450518	0.997938	0.996548	0.001390	1.006388	1.005006	1.004605	0.992946	0.991563
1.486916	0.998786	0.996903	0.001884	1.006820	1.004940	1.004545	0.993855	0.991981
1.523323	0.995642	0.995532	0.000111	1.004977	1.004874	1.004484	0.990792	0.990682
1.559687	0.992625	0.994234	-0.001609	1.003189	1.004808	1.004423	0.987854	0.989456
1.596084	0.995959	0.996101	-0.000142	1.004594	1.004742	1.004363	0.991238	0.991379
1.632449	0.996349	0.995503	0.000846	1.005518	1.004676	1.004302	0.991692	0.990849
1.668835	0.994332	0.992975	0.001357	1.005957	1.004609	1.004241	0.989750	0.988399
1.705253	0.994874	0.993627	0.001247	1.005781	1.004543	1.004180	0.990355	0.989114
1.741629	0.993926	0.994511	-0.000585	1.003887	1.004477	1.004119	0.989478	0.990060
1.778004	0.994845	0.993902	0.000944	1.005350	1.004411	1.004058	0.990458	0.989519
1.814389	0.993153	0.993843	-0.000690	1.003652	1.004344	1.003997	0.988839	0.989526
1.850798	0.993855	0.994801	-0.000946	1.003341	1.004278	1.003936	0.989603	0.990546
1.888995	0.996645	0.996333	0.000312	1.004525	1.004209	1.003872	0.992450	0.992140
1.927203	0.994829	0.994245	0.000584	1.004719	1.004139	1.003808	0.990711	0.990129
1.963578	0.996102	0.995175	0.000927	1.004997	1.004074	1.003748	0.992044	0.991121
1.999976	0.995369	0.993421	0.001948	1.005949	1.004008	1.003687	0.991380	0.989439
2.037817	0.996100	0.997065	-0.000965	1.002974	1.003940	1.003625	0.992176	0.993137
2.076392	0.996751	0.996393	0.000358	1.004226	1.003870	1.003561	0.992893	0.992536
2.112800	0.995611	0.995238	0.000374	1.004177	1.003805	1.003501	0.991822	0.991450
2.149164	0.995453	0.996253	-0.000800	1.002941	1.003741	1.003441	0.991728	0.992526
2.185550	0.995766	0.996100	-0.000334	1.003342	1.003676	1.003382	0.992104	0.992438
2.221947	0.998014	0.997028	0.000986	1.004600	1.003612	1.003323	0.994409	0.993426
2.258311	0.998997	0.998900	0.000098	1.003657	1.003548	1.003264	0.995452	0.995355
2.294697	0.995138	0.993973	0.001165	1.004645	1.003484	1.003206	0.991670	0.990509
2.331083	0.997372	0.996430	0.000941	1.004362	1.003421	1.003147	0.993959	0.993021
2.367481	0.993508	0.992878	0.000630	1.003984	1.003358	1.003090	0.990171	0.989544
2.403856	0.992272	0.992226	0.000047	1.003339	1.003296	1.003032	0.989002	0.988955
2.440242	0.994386	0.992770	0.001616	1.004854	1.003234	1.002975	0.991171	0.989559
2.477739	0.995502	0.994451	0.001051	1.004221	1.003170	1.002916	0.992346	0.991298
2.516658	0.994222	0.994575	-0.000353	1.002750	1.003104	1.002856	0.991135	0.991487
2.553044	0.996388	0.993715	0.002673	1.005714	1.003044	1.002800	0.993355	0.990690
2.589441	0.996544	0.997151	-0.000606	1.002377	1.002983	1.002745	0.993572	0.994176
2.625827	0.995537	0.995151	0.000386	1.003306	1.002923	1.002689	0.992627	0.992242
2.662213	0.996308	0.998810	-0.002502	1.000370	1.002864	1.002635	0.993455	0.995949
2.698577	0.998810	0.996731	0.002079	1.004885	1.002805	1.002581	0.996009	0.993936
2.734974	0.997607	0.998381	-0.000774	1.001977	1.002747	1.002527	0.994868	0.995640
2.771361	0.995927	0.996728	-0.000802	1.001889	1.002689	1.002474	0.993250	0.994049
2.807757	0.999731	0.998873	0.000857	1.003495	1.002632	1.002421	0.997101	0.996246
2.844144	0.998766	0.998742	0.000024	1.002606	1.002575	1.002369	0.996196	0.996172
2.880531	0.998727	0.999174	-0.000447	1.002084	1.002519	1.002317	0.996214	0.996660
2.916904	0.997575	0.998406	-0.000832	1.001638	1.002463	1.002266	0.995120	0.995949
2.953313	0.995813	0.994324	0.001489	1.003900	1.002408	1.002215	0.993418	0.991932
2.991866	0.995107	0.995690	-0.000583	1.001764	1.002350	1.002162	0.992771	0.993352
3.029707	0.994401	0.992078	0.002324	1.004615	1.002294	1.002110	0.992123	0.989805
3.066082	0.996325	0.994706	0.001619	1.003856	1.002241	1.002061	0.994096	0.992480
3.102468	0.995797	0.994867	0.000930	1.003115	1.002188	1.002013	0.993622	0.992694
3.138866	0.994244	0.994498	-0.000254	1.001878	1.002136	1.001965	0.992124	0.992378
3.175240	0.998110	0.997806	0.000304	1.002390	1.002084	1.001918	0.996033	0.995730
3.211637	0.995493	0.995010	0.000483	1.002512	1.002034	1.001871	0.993473	0.992991
3.248034	0.995269	0.995000	0.000269	1.002248	1.001983	1.001825	0.993300	0.993031
3.284410	0.998814	0.997019	0.001795	1.003728	1.001934	1.001779	0.996888	0.995097
3.320795	0.997106	0.998055	-0.000949	1.000938	1.001885	1.001734	0.995232	0.996179
3.357171	0.997260	0.999356	-0.002097	0.999746	1.001836	1.001689	0.995434	0.997527
3.393557	0.997568	0.998655	-0.001087	1.000707	1.001789	1.001646	0.995790	0.996875
3.429943	0.997983	0.997680	0.000303	1.002046	1.001742	1.001602	0.996251	0.995949
3.466351	0.997591	0.998442	-0.000852	1.000848	1.001695	1.001559	0.995906	0.996757
3.502738	0.996076	0.996770	-0.000694	1.000959	1.001649	1.001517	0.994440	0.995133
3.539124	0.999953	0.999128	0.000824	1.002438	1.001604	1.001476	0.998356	0.997533
3.575499	0.997827	0.998444	-0.000616	1.000949	1.001559	1.001435	0.996280	0.996895
3.611884	0.995502	0.994757	0.000745	1.002257	1.001515	1.001394	0.994001	0.993258
3.651548	0.993581	0.995010	-0.001429	1.000035	1.001468	1.001351	0.992131	0.993558
3.688280	0.992244	0.993874	-0.001630	0.999788	1.001425	1.001311	0.990839	0.992467
3.725410	0.990052	0.991309	-0.001257	1.000123	1.001382	1.001272	0.988693	0.989948
3.764706	0.996743	0.995855	0.000888	1.002218	1.001337	1.001230	0.995420	0.994533
3.801103	0.995972	0.994967	0.001005	1.002295	1.001297	1.001193	0.994691	0.993687
3.837479	0.995332	0.996338	-0.001006	1.000246	1.001256	1.001156	0.994093	0.995097
3.873854	0.994334	0.995619	-0.001285	0.999929	1.001217	1.001119	0.993135	0.994419
3.910239	0.999697	0.998917	0.000781	1.001959	1.001178	1.001084	0.998531	0.997752
3.946626	0.998078	0.997464	0.000614	1.001751	1.001139	1.001048	0.996953	0.996340
3.983023	0.998186	0.997847	0.000339	1.001444	1.001101	1.001013	0.997099	0.996761
4.019409	0.999430	0.999498	-0.000068	1.001008	1.001064	1.000979	0.998379	0.998448
4.055817	0.996527	0.997897	-0.001370	0.999668	1.001027	1.000945	0.995516	0.996885
4.092181	0.996725	0.998934	-0.002209	0.998794	1.000991	1.000912	0.995751	0.997958
4.128589	0.997947	0.998177	-0.000231	1.000740	1.000956	1.000879	0.997007	0.997237
4.164943	0.998108	0.998553	-0.000445	1.000483	1.000921	1.000847	0.997204	0.997648
4.201350	0.992947	0.995148	-0.002201	0.998691	1.000886	1.000815	0.992083	0.994282
4.237747	0.997023	0.997026	-0.000003	1.000849	1.000852	1.000784	0.996189	0.996192
4.274123	0.991628	0.992485	-0.000857	0.999958	1.000818	1.000753	0.990832	0.991688
4.310486	0.994786	0.994277	0.000509	1.001287	1.000785	1.000722	0.994021	0.993513
4.346895	0.993715	0.993583	0.000132	1.000875	1.000752	1.000692	0.992984	0.992852
4.383270	0.996000	0.996268	-0.000267	1.000443	1.000720	1.000663	0.995300	0.995567
4.419667	0.995720	0.996343	-0.000623	1.000056	1.000688	1.000633	0.995052	0.995675
4.456043	0.998252	0.999488	-0.001236	0.999421	1.000657	1.000605	0.997613	0.998849
4.492439	0.996752	0.997468	-0.000717	0.999903	1.000626	1.000576	0.996146	0.996862
4.528814	0.994458	0.996635	-0.002177	0.998414	1.000596	1.000548	0.993884	0.996060
4.565211	1.000326	0.998763	0.001563	1.002126	1.000566	1.000520	0.999779	0.998217
4.601620	1.001767	1.001624	0.000142	1.000684	1.000536	1.000493	1.001249	1.001107
4.640172	0.997193	0.997181	0.000012	1.000519	1.000505	1.000464	0.996709	0.996697
4.680192	0.999986	0.999513	0.000472	1.000948	1.000473	1.000435	0.999533	0.999061
4.718044	1.001114	1.000406	0.000709	1.001155	1.000443	1.000408	1.000691	0.999983
4.754419	1.001601	1.001940	-0.000338	1.000085	1.000415	1.000382	1.001207	1.001545
4.790827	0.999059	0.999144	-0.000085	1.000306	1.000387	1.000356	0.998694	0.998779
4.827180	0.998801	1.001091	-0.002290	0.998074	1.000359	1.000330	0.998464	1.000753
4.863622	0.999096	0.999832	-0.000736	0.999595	1.000332	1.000305	0.998786	0.999522
4.899963	0.997208	0.997893	-0.000685	0.999613	1.000304	1.000280	0.996926	0.997611
4.936372	0.994298	0.993767	0.000531	1.000800	1.000277	1.000255	0.994044	0.993513
4.972746	0.995631	0.994913	0.000718	1.000956	1.000251	1.000231	0.995404	0.994686
5.009143	0.995477	0.994858	0.000619	1.000829	1.000224	1.000206	0.995277	0.994659
5.045508	0.995577	0.996161	-0.000584	0.999601	1.000198	1.000182	0.995403	0.995987
5.081904	0.996982	0.996373	0.000609	1.000770	1.000171	1.000158	0.996835	0.996226
5.118313	0.994454	0.995926	-0.001472	0.998665	1.000145	1.000134	0.994333	0.995805
5.154688	0.998403	0.999076	-0.000673	0.999440	1.000119	1.000110	0.998308	0.998981
5.191074	0.998136	0.998317	-0.000181	0.999908	1.000094	1.000086	0.998067	0.998248
5.227460	0.996994	0.997143	-0.000149	0.999910	1.000068	1.000062	0.996951	0.997100
5.263835	0.999890	0.999370	0.000521	1.000558	1.000042	1.000039	0.999873	0.999352
5.300222	0.998029	0.998333	-0.000304	0.999707	1.000016	1.000015	0.998038	0.998342
5.338074	1.001551	1.000692	0.000859	1.000850	0.999990	0.999991	1.001587	1.000728
5.376649	1.000053	1.001193	-0.001140	0.998825	0.999963	0.999966	1.000116	1.001256
5.413024	1.000396	1.000850	-0.000455	0.999481	0.999937	0.999942	1.000484	1.000939
5.449410	0.999709	1.001723	-0.002014	0.997907	0.999912	0.999919	0.999824	1.001838
5.485785	0.998429	1.000475	-0.002045	0.997844	0.999886	0.999895	0.998570	1.000615
5.522182	1.001509	1.001815	-0.000306	0.999555	0.999860	0.999871	1.001675	1.001982
5.558568	0.998088	0.997286	0.000802	1.000624	0.999834	0.999848	0.998280	0.997478
5.594954	0.994280	0.994120	0.000160	0.999958	0.999809	0.999824	0.994498	0.994337
5.632784	0.998894	0.996989	0.001905	1.001673	0.999782	0.999799	0.999139	0.997234
5.671371	0.998765	0.996960	0.001805	1.001545	0.999754	0.999774	0.999038	0.997233
5.707746	0.996703	0.997177	-0.000474	0.999241	0.999728	0.999749	0.997002	0.997476
5.744143	0.998728	0.998595	0.000134	0.999825	0.999701	0.999725	0.999054	0.998920
5.780540	0.998233	0.999593	-0.001360	0.998308	0.999675	0.999701	0.998586	0.999946
5.816915	1.000204	1.000926	-0.000722	0.998923	0.999648	0.999676	1.000584	1.001306
5.853301	1.001666	1.001584	0.000082	0.999704	0.999621	0.999651	1.002074	1.001992
5.889676	0.999883	1.001161	-0.001278	0.998313	0.999594	0.999626	1.000317	1.001596
5.926062	1.001997	1.003852	-0.001856	0.997719	0.999566	0.999601	1.002460	1.004316
5.962459	1.000664	1.000919	-0.000254	0.999286	0.999538	0.999575	1.001155	1.001409
5.998857	1.000864	0.999924	0.000940	1.000449	0.999510	0.999549	1.001383	1.000442
6.035231	1.002007	1.002030	-0.000023	0.999460	0.999482	0.999523	1.002555	1.002578
6.071607	1.001069	1.001088	-0.000019	0.999434	0.999453	0.999497	1.001645	1.001664
6.108004	1.001800	1.002410	-0.000610	0.998818	0.999424	0.999470	1.002406	1.003016
6.144379	1.000333	1.000095	0.000238	0.999630	0.999395	0.999443	1.000967	1.000729
6.180764	0.999179	0.999420	-0.000241	0.999118	0.999365	0.999416	0.999842	1.000083
6.217162	0.996801	0.996423	0.000378	0.999701	0.999335	0.999388	0.997493	0.997115
6.253560	0.997558	0.998074	-0.000516	0.998777	0.999305	0.999360	0.998281	0.998797
6.289944	0.997527	0.996469	0.001058	1.000318	0.999274	0.999332	0.998280	0.997221
6.326309	0.997558	0.995434	0.002125	1.001353	0.999243	0.999303	0.998343	0.996217
6.362706	0.995462	0.994864	0.000599	0.999796	0.999211	0.999274	0.996277	0.995678
6.399092	0.999393	0.998972	0.000421	0.999591	0.999179	0.999244	1.000243	0.999822
6.435489	1.001155	1.000250	0.000905	1.000045	0.999146	0.999214	1.002039	1.001134
6.471865	0.996207	0.997020	-0.000813	0.998289	0.999113	0.999184	0.997120	0.997933
6.508239	1.001363	1.001603	-0.000240	0.998838	0.999079	0.999153	1.002314	1.002555
6.544637	1.004501	1.004080	0.000422	0.999474	0.999045	0.999122	1.005490	1.005068
6.581022	1.001649	0.999761	0.001888	1.000895	0.999011	0.999090	1.002669	1.000779
6.617398	1.003184	1.001301	0.001883	1.000857	0.998976	0.999058	1.004240	1.002356
6.653784	1.001933	0.999579	0.002354	1.001291	0.998940	0.999025	1.003025	1.000668
6.690170	1.001649	1.001259	0.000391	0.999294	0.998904	0.998992	1.002777	1.002385
6.726578	1.000289	1.000445	-0.000156	0.998711	0.998867	0.998958	1.001451	1.001607
6.762942	0.999360	1.001137	-0.001777	0.997055	0.998830	0.998924	1.000558	1.002337
6.799328	1.000628	1.000930	-0.000302	0.998489	0.998792	0.998889	1.001866	1.002168
6.835715	1.000007	1.001516	-0.001509	0.997246	0.998754	0.998854	1.001282	1.002793
6.872100	1.000101	0.999616	0.000486	0.999195	0.998715	0.998818	1.001415	1.000929
6.912130	0.999138	0.997146	0.001992	1.000654	0.998672	0.998778	1.000494	0.998499
6.951416	0.999275	0.998899	0.000376	0.998998	0.998628	0.998738	1.000675	1.000299
6.988547	0.999842	0.998461	0.001381	0.999961	0.998587	0.998700	1.001284	0.999901
7.024921	0.999882	1.000027	-0.000145	0.998396	0.998545	0.998662	1.001365	1.001511
7.061341	1.002467	1.000678	0.001790	1.000291	0.998503	0.998623	1.003996	1.002204
7.097694	1.000704	0.998826	0.001878	1.000335	0.998461	0.998584	1.002273	1.000392
7.134102	1.000585	1.001390	-0.000806	0.997611	0.998417	0.998544	1.002197	1.003004
7.170477	1.002688	1.001343	0.001345	0.999719	0.998374	0.998504	1.004348	1.003001
7.207963	0.998744	1.000135	-0.001391	0.996936	0.998328	0.998462	1.000443	1.001837
7.246871	1.001728	1.000666	0.001062	0.999343	0.998280	0.998417	1.003480	1.002416
7.283280	1.002144	1.000919	0.001225	0.999460	0.998234	0.998375	1.003943	1.002715
7.319654	1.001830	1.003353	-0.001524	0.996669	0.998187	0.998332	1.003674	1.005201
7.356040	1.004993	1.004693	0.000299	0.998450	0.998140	0.998289	1.006890	1.006590
7.392426	1.006792	1.004646	0.002146	1.000247	0.998093	0.998245	1.008741	1.006591
7.428823	1.007034	1.006796	0.000238	0.998296	0.998044	0.998201	1.009032	1.008794
7.465189	1.003249	1.003073	0.000176	0.998177	0.997996	0.998156	1.005288	1.005112
7.504874	1.001461	0.999839	0.001623	0.999565	0.997942	0.998106	1.003551	1.001925
7.541626	0.999685	1.000071	-0.000385	0.997505	0.997891	0.998060	1.001822	1.002208
7.578023	0.998893	0.998458	0.000434	0.998272	0.997840	0.998013	1.001078	1.000643
7.614398	0.996616	0.996463	0.000153	0.997938	0.997789	0.997966	0.998848	0.998694
7.650784	1.000492	0.999768	0.000725	0.998461	0.997737	0.997918	1.002785	1.002058
7.687171	1.000725	0.999742	0.000982	0.998667	0.997684	0.997870	1.003070	1.002086
7.724279	1.000645	1.002486	-0.001841	0.995794	0.997630	0.997820	1.003045	1.004890
7.763587	1.001594	1.003174	-0.001580	0.995997	0.997572	0.997766	1.004054	1.005638
7.799951	1.003200	1.001999	0.001201	0.998723	0.997518	0.997716	1.005718	1.004514
7.836359	1.002886	1.003994	-0.001107	0.996363	0.997463	0.997666	1.005459	1.006569
7.872745	1.006856	1.005530	0.001326	0.998743	0.997407	0.997615	1.009495	1.008165
7.909143	1.002500	1.003252	-0.000752	0.996607	0.997351	0.997563	1.005184	1.005938
7.945517	1.003404	1.004672	-0.001269	0.996035	0.997295	0.997511	1.006147	1.007419
7.981904	1.007015	1.005247	0.001768	0.999015	0.997237	0.997458	1.009825	1.008052
8.018289	1.004173	1.003902	0.000270	0.997459	0.997180	0.997405	1.007033	1.006762
8.054687	1.002666	1.003834	-0.001168	0.995961	0.997122	0.997352	1.005580	1.006751
8.091074	1.001623	1.004335	-0.002712	0.994361	0.997063	0.997298	1.004593	1.007313
8.127469	1.001866	1.000535	0.001331	0.998339	0.997004	0.997243	1.004896	1.003561
8.163834	1.003085	1.002314	0.000771	0.997721	0.996944	0.997189	1.006178	1.005405
8.200220	0.997489	0.996698	0.000791	0.997685	0.996884	0.997133	1.000625	0.999831
8.236606	0.999079	1.001293	-0.002214	0.994614	0.996824	0.997078	1.002281	1.004502
8.272992	0.996402	0.997123	-0.000721	0.996046	0.996763	0.997022	0.999656	1.000380
8.309367	0.996384	0.997179	-0.000795	0.995911	0.996701	0.996965	0.999699	1.000497
8.345775	0.999035	1.000943	-0.001909	0.994738	0.996640	0.996908	1.002420	1.004335
8.383984	1.002813	1.003204	-0.000392	0.996189	0.996574	0.996848	1.006277	1.006670
8.422180	1.001520	1.000666	0.000853	0.997367	0.996509	0.996788	1.005045	1.004189
8.458555	1.002291	1.000955	0.001337	0.997789	0.996446	0.996730	1.005882	1.004541
8.494964	1.003458	1.003191	0.000268	0.996656	0.996383	0.996672	1.007117	1.006849
8.531339	1.001411	1.000773	0.000638	0.996963	0.996319	0.996614	1.005126	1.004486
8.567714	1.003842	1.004323	-0.000481	0.995781	0.996255	0.996555	1.007631	1.008114
8.604112	1.005378	1.005272	0.000106	0.996304	0.996191	0.996496	1.009237	1.009131
8.640487	1.001484	1.002365	-0.000882	0.995253	0.996127	0.996437	1.005392	1.006277
8.676883	1.002313	1.002069	0.000244	0.996314	0.996062	0.996377	1.006289	1.006045
8.713258	1.002897	1.002708	0.000189	0.996198	0.995997	0.996318	1.006941	1.006751
8.749644	0.998315	0.998873	-0.000558	0.995387	0.995932	0.996258	1.002406	1.002966
8.786030	1.001073	1.000390	0.000683	0.996556	0.995867	0.996198	1.005240	1.004554
8.822415	1.002564	1.000952	0.001612	0.997419	0.995802	0.996138	1.006803	1.005184
8.858803	0.996510	0.996917	-0.000407	0.995340	0.995737	0.996078	1.000789	1.001198
8.895200	0.993724	0.994952	-0.001229	0.994454	0.995671	0.996017	0.998056	0.999290
8.933396	0.998070	0.996599	0.001471	0.997081	0.995602	0.995954	1.002490	1.001013
8.974160	0.999516	0.997565	0.001951	0.997488	0.995529	0.995886	1.004017	1.002057
9.011646	0.998693	0.999629	-0.000936	0.994532	0.995461	0.995824	1.003258	1.004198
9.048010	0.999785	1.000143	-0.000358	0.995043	0.995395	0.995764	1.004421	1.004780
9.084407	1.000886	1.001772	-0.000887	0.994447	0.995330	0.995703	1.005592	1.006483
9.120805	1.002165	1.000733	0.001432	0.996703	0.995264	0.995643	1.006944	1.005505
9.157179	1.001608	1.001450	0.000158	0.995363	0.995199	0.995583	1.006450	1.006291
9.193565	1.003045	1.002460	0.000585	0.995725	0.995133	0.995523	1.007960	1.007372
9.229963	1.002451	1.001233	0.001218	0.996295	0.995068	0.995463	1.007428	1.006204
9.266337	1.002174	1.000871	0.001303	0.996313	0.995003	0.995403	1.007216	1.005907
9.302713	1.002112	1.002863	-0.000751	0.994193	0.994938	0.995343	1.007219	1.007974
9.339120	1.004423	1.004928	-0.000505	0.994369	0.994873	0.995283	1.009607	1.010115
9.375485	1.002601	1.002187	0.000414	0.995229	0.994809	0.995224	1.007841	1.007425
9.411881	0.997423	0.998361	-0.000939	0.993814	0.994745	0.995165	1.002700	1.003643
9.448256	0.998206	1.000332	-0.002126	0.992559	0.994681	0.995106	1.003551	1.005688
9.484654	0.999892	0.999662	0.000229	0.994852	0.994617	0.995048	1.005310	1.005080
9.521029	0.997562	0.998255	-0.000693	0.993868	0.994554	0.994990	1.003032	1.003728
9.557415	0.997094	0.995059	0.002035	0.996540	0.994491	0.994932	1.002624	1.000578
9.593801	0.995237	0.996336	-0.001099	0.993340	0.994429	0.994874	1.000819	1.001924
9.630220	0.995660	0.996533	-0.000873	0.993504	0.994367	0.994817	1.001307	1.002185
9.666585	0.998168	0.998554	-0.000386	0.993925	0.994305	0.994761	1.003891	1.004279
9.702981	0.999020	1.000328	-0.001308	0.992939	0.994244	0.994704	1.004809	1.006125
9.739346	1.002369	1.002264	0.000105	0.994289	0.994183	0.994649	1.008239	1.008133
9.775743	0.997296	0.998594	-0.001298	0.992831	0.994123	0.994594	1.003196	1.004502
9.812140	1.000960	1.000988	-0.000028	0.994037	0.994064	0.994539	1.006941	1.006970
9.848526	1.002203	1.001853	0.000351	0.994356	0.994005	0.994485	1.008252	1.007899
9.884912	1.003589	1.003018	0.000570	0.994515	0.993947	0.994431	1.009704	1.009131
9.921287	1.000503	1.000931	-0.000429	0.993461	0.993890	0.994378	1.006657	1.007089
9.961318	1.003618	1.003330	0.000288	0.994110	0.993827	0.994321	1.009855	1.009566
9.997693	1.005102	1.005236	-0.000134	0.993629	0.993771	0.994269	1.011405	1.011540
10.034122	1.001764	0.999692	0.002072	0.995793	0.993716	0.994219	1.008102	1.006017
10.070476	0.998447	0.999365	-0.000918	0.992747	0.993662	0.994169	1.004819	1.005743
10.106894	0.995429	0.997058	-0.001629	0.991989	0.993608	0.994119	1.001836	1.003475
10.143237	0.993418	0.993878	-0.000460	0.993117	0.993555	0.994071	0.999864	1.000327
10.179646	0.997012	0.997507	-0.000494	0.993016	0.993503	0.994023	1.003534	1.004032
10.216009	0.997703	0.997666	0.000037	0.993496	0.993452	0.993976	1.004281	1.004244
10.252406	0.995608	0.997513	-0.001906	0.991503	0.993402	0.993930	1.002222	1.004140
10.288804	0.997754	0.999859	-0.002105	0.991248	0.993353	0.993885	1.004432	1.006551
10.325190	0.996616	0.998443	-0.001827	0.991482	0.993305	0.993841	1.003334	1.005174
10.364109	0.998646	0.996333	0.002313	0.995578	0.993255	0.993794	1.005429	1.003101
10.401607	0.999022	0.999723	-0.000702	0.992508	0.993208	0.993751	1.005855	1.006562
10.437981	0.998992	1.000044	-0.001053	0.992110	0.993163	0.993710	1.005870	1.006930
10.476189	1.000195	0.999517	0.000678	0.993795	0.993117	0.993667	1.007128	1.006445
10.514397	0.996232	0.998918	-0.002686	0.990389	0.993072	0.993626	1.003182	1.005887
10.550805	1.001607	1.003719	-0.002111	0.990908	0.993031	0.993588	1.008637	1.010763
10.587192	1.001638	1.001932	-0.000295	0.992690	0.992991	0.993552	1.008708	1.009005
10.623555	1.001886	1.002974	-0.001088	0.991855	0.992952	0.993516	1.008997	1.010093
10.659941	1.003087	1.003442	-0.000356	0.992547	0.992914	0.993481	1.010245	1.010603
10.696339	1.004593	1.002705	0.001888	0.994757	0.992878	0.993448	1.011798	1.009897
10.732725	1.001561	1.001477	0.000084	0.992920	0.992843	0.993416	1.008781	1.008696
10.769088	0.997605	0.997174	0.000431	0.993246	0.992809	0.993384	1.004830	1.004395
10.807342	0.994604	0.995107	-0.000502	0.992288	0.992775	0.993353	1.001842	1.002348
10.845538	0.999927	0.999202	0.000726	0.993469	0.992743	0.993323	1.007236	1.006505
10.881902	0.996569	0.996694	-0.000125	0.992595	0.992713	0.993296	1.003883	1.004009
10.918278	1.002798	0.999058	0.003740	0.996424	0.992685	0.993270	1.010186	1.006419
10.954697	0.999700	1.001275	-0.001574	0.991077	0.992659	0.993246	1.007093	1.008679
10.991071	1.000571	1.001056	-0.000486	0.992142	0.992634	0.993223	1.007995	1.008484
11.027458	1.001887	1.002543	-0.000655	0.991943	0.992610	0.993201	1.009345	1.010006
11.063823	1.000953	1.002193	-0.001240	0.991337	0.992588	0.993181	1.008427	1.009676
11.100241	1.002796	1.003288	-0.000492	0.992061	0.992567	0.993162	1.010304	1.010800
11.136594	1.003894	1.005061	-0.001166	0.991362	0.992548	0.993144	1.011430	1.012605
11.173002	1.001539	1.001041	0.000498	0.993024	0.992531	0.993128	1.009074	1.008572
11.209366	1.003107	1.003180	-0.000072	0.992432	0.992515	0.993114	1.010670	1.010743
11.245773	1.003992	1.001973	0.002019	0.994516	0.992501	0.993101	1.011576	1.009542
11.282138	1.006144	1.005499	0.000645	0.993113	0.992488	0.993089	1.013758	1.013108
11.318557	1.006500	1.004800	0.001699	0.994158	0.992477	0.993079	1.014127	1.012415
11.354933	1.001321	1.002337	-0.001016	0.991443	0.992468	0.993070	1.008919	1.009942
11.391330	1.003235	1.001825	0.001410	0.993860	0.992460	0.993063	1.010855	1.009434
11.427715	0.998379	0.999600	-0.001221	0.991230	0.992454	0.993058	1.005968	1.007198
11.464102	1.002216	1.001179	0.001037	0.993478	0.992450	0.993054	1.009838	1.008793
11.500465	1.000816	1.000796	0.000021	0.992460	0.992448	0.993052	1.008430	1.008410
11.536862	0.999185	0.999530	-0.000345	0.992098	0.992447	0.993051	1.006787	1.007134
11.573238	1.002761	1.000610	0.002150	0.994591	0.992448	0.993052	1.010389	1.008222
11.609645	1.000740	1.003620	-0.002880	0.989555	0.992451	0.993055	1.008350	1.011252
11.646022	1.005379	1.003710	0.001669	0.994108	0.992456	0.993059	1.013019	1.011338
11.682418	1.003772	1.002108	0.001664	0.994115	0.992462	0.993065	1.011394	1.009717
11.718781	1.005387	1.004612	0.000774	0.993226	0.992471	0.993073	1.013012	1.012232
11.755191	1.003403	1.003700	-0.000297	0.992168	0.992481	0.993082	1.011003	1.011302
11.791543	1.002896	1.001505	0.001391	0.993876	0.992493	0.993093	1.010480	1.009079
11.827951	1.005419	1.005425	-0.000005	0.992480	0.992506	0.993106	1.013008	1.013014
11.864315	1.005625	1.005455	0.000170	0.992671	0.992522	0.993120	1.013200	1.013028
11.900723	1.005259	1.005076	0.000184	0.992704	0.992540	0.993136	1.012813	1.012628
11.937099	1.002346	1.002172	0.000174	0.992729	0.992559	0.993154	1.009859	1.009683
11.973495	1.004899	1.004521	0.000378	0.992947	0.992580	0.993174	1.012409	1.012028
12.009860	1.005546	1.004474	0.001072	0.993659	0.992603	0.993195	1.013037	1.011957
12.046268	1.002466	1.003896	-0.001429	0.991184	0.992629	0.993218	1.009909	1.011349
12.082665	0.998661	1.000699	-0.002038	0.990612	0.992655	0.993243	1.006048	1.008101
12.119040	0.996268	0.996972	-0.000704	0.991991	0.992684	0.993270	1.003609	1.004318
12.155416	0.997026	0.999424	-0.002398	0.990316	0.992715	0.993298	1.004341	1.006757
12.191823	1.000404	1.001354	-0.000950	0.991792	0.992748	0.993328	1.007711	1.008667
12.228188	1.002064	1.002772	-0.000708	0.992064	0.992782	0.993360	1.009347	1.010061
12.264595	1.003820	1.003313	0.000507	0.993315	0.992819	0.993393	1.011079	1.010569
12.300959	1.003541	1.003847	-0.000306	0.992539	0.992857	0.993428	1.010760	1.011068
12.337357	1.008616	1.005894	0.002722	0.995603	0.992897	0.993465	1.015830	1.013088
12.373720	1.005720	1.005318	0.000401	0.993326	0.992939	0.993504	1.012870	1.012465
12.410129	1.008223	1.007885	0.000339	0.993302	0.992983	0.993545	1.015346	1.015005
12.446505	1.010979	1.007450	0.003529	0.996542	0.993029	0.993587	1.018075	1.014520
12.482901	1.006855	1.004607	0.002248	0.995314	0.993077	0.993631	1.013873	1.011609
12.519287	1.010144	1.007146	0.002998	0.996109	0.993127	0.993677	1.017133	1.014114
12.555673	1.005330	1.005103	0.000227	0.993397	0.993179	0.993724	1.012234	1.012006
12.592037	1.010212	1.008739	0.001473	0.994688	0.993232	0.993773	1.017095	1.015612
12.628446	1.007423	1.006906	0.000517	0.993792	0.993287	0.993824	1.014230	1.013709
12.664821	1.001925	1.005369	-0.003444	0.989892	0.993345	0.993877	1.008637	1.012104
12.701228	1.002586	1.003613	-0.001027	0.992373	0.993404	0.993931	1.009242	1.010276
12.737626	1.000770	1.001872	-0.001101	0.992364	0.993465	0.993987	1.007353	1.008462
12.774012	1.001008	1.003051	-0.002043	0.991482	0.993527	0.994045	1.007528	1.009585
12.810410	0.998651	1.000947	-0.002296	0.991298	0.993592	0.994105	1.005091	1.007402
12.846784	1.002595	1.002972	-0.000378	0.993280	0.993658	0.994166	1.008993	1.009373
12.885715	1.007968	1.005770	0.002198	0.995924	0.993731	0.994233	1.014326	1.012115
12.923189	1.003988	1.006054	-0.002066	0.991735	0.993803	0.994299	1.010247	1.012327
12.959575	1.006089	1.007346	-0.001257	0.992612	0.993875	0.994365	1.012288	1.013554
12.995962	1.008630	1.008115	0.000515	0.994458	0.993949	0.994433	1.014770	1.014252
13.032369	1.008887	1.007256	0.001631	0.995652	0.994024	0.994502	1.014952	1.013311
13.068745	1.006757	1.005200	0.001557	0.995660	0.994101	0.994573	1.012731	1.011164
13.105119	1.010328	1.008793	0.001535	0.995712	0.994180	0.994646	1.016242	1.014699
13.141517	1.010933	1.010781	0.000152	0.994408	0.994261	0.994720	1.016768	1.016616
13.177916	1.007183	1.005937	0.001246	0.995596	0.994343	0.994795	1.012913	1.011660
13.214277	1.008536	1.009684	-0.001148	0.993279	0.994427	0.994873	1.014189	1.015343
13.250664	1.010736	1.009786	0.000950	0.995465	0.994512	0.994951	1.016314	1.015359
13.287072	1.005870	1.006709	-0.000839	0.993769	0.994599	0.995031	1.011332	1.012176
13.323458	1.004885	1.006208	-0.001323	0.993372	0.994688	0.995113	1.010252	1.011582
13.359834	1.007099	1.007426	-0.000328	0.994457	0.994778	0.995196	1.012386	1.012715
13.396220	1.005231	1.006359	-0.001127	0.993750	0.994870	0.995280	1.010416	1.011549
13.433328	1.005015	1.006069	-0.001054	0.993919	0.994965	0.995368	1.010102	1.011161
13.472625	1.005448	1.006548	-0.001100	0.993977	0.995067	0.995462	1.010433	1.011539
13.509022	1.005284	1.005726	-0.000443	0.994732	0.995163	0.995550	1.010170	1.010615
13.545408	1.007405	1.008549	-0.001145	0.994129	0.995261	0.995640	1.012202	1.013352
13.581817	1.010727	1.009996	0.000731	0.996106	0.995360	0.995732	1.015439	1.014704
13.620724	1.009231	1.008720	0.000511	0.995994	0.995468	0.995831	1.013826	1.013313
13.658221	1.010457	1.008897	0.001560	0.997149	0.995573	0.995927	1.014951	1.013384
13.694618	1.010391	1.011205	-0.000814	0.994881	0.995677	0.996023	1.014779	1.015596
13.730982	1.010554	1.010513	0.000041	0.995842	0.995781	0.996119	1.014836	1.014795
13.767379	1.014021	1.012329	0.001691	0.997600	0.995887	0.996216	1.018209	1.016511
13.807393	1.016272	1.014317	0.001955	0.997985	0.996005	0.996325	1.020349	1.018386
14.059793	0.993497	0.994287	-0.000791	0.996256	0.996781	0.997039	0.996448	0.997241
14.096177	0.992679	0.992892	-0.000213	0.996942	0.996897	0.997146	0.995522	0.995735
14.132574	0.992105	0.993133	-0.001028	0.996233	0.997014	0.997253	0.994839	0.995870
14.168971	0.994166	0.993958	0.000208	0.997578	0.997132	0.997362	0.996797	0.996588
14.205336	0.996043	0.994183	0.001860	0.999339	0.997251	0.997471	0.998569	0.996704
14.241722	0.996072	0.994767	0.001306	0.998892	0.997371	0.997581	0.998488	0.997180
14.278131	0.993354	0.993812	-0.000459	0.997242	0.997491	0.997692	0.995652	0.996112
14.314493	0.994737	0.993929	0.000808	0.998623	0.997612	0.997803	0.996928	0.996118
14.350890	0.995187	0.994712	0.000474	0.998398	0.997734	0.997916	0.997266	0.996791
14.387277	0.995737	0.993956	0.001780	0.999821	0.997857	0.998028	0.997705	0.995921
14.423674	0.993608	0.993212	0.000395	0.998557	0.997980	0.998142	0.995458	0.995062
14.460037	0.991972	0.993099	-0.001127	0.997148	0.998104	0.998256	0.993706	0.994835
14.496434	0.995797	0.994257	0.001540	0.999923	0.998229	0.998371	0.997423	0.995880
14.532832	0.993776	0.994117	-0.000341	0.998159	0.998354	0.998486	0.995284	0.995625
14.569219	0.993748	0.993940	-0.000192	0.998424	0.998480	0.998601	0.995141	0.995333
14.605581	0.992312	0.993826	-0.001514	0.997218	0.998606	0.998717	0.993587	0.995103
14.641991	0.992479	0.993655	-0.001175	0.997671	0.998732	0.998834	0.993639	0.994815
14.678365	0.991967	0.994282	-0.002315	0.996643	0.998859	0.998950	0.993010	0.995328
14.714763	0.994990	0.995302	-0.000312	0.998761	0.998986	0.999067	0.995919	0.996231
14.751137	0.996736	0.996131	0.000605	0.999794	0.999114	0.999185	0.997550	0.996944
14.788646	0.994573	0.995593	-0.001019	0.998287	0.999246	0.999306	0.995264	0.996284
14.827543	0.995758	0.996223	-0.000466	0.998968	0.999383	0.999432	0.996324	0.996790
14.863917	0.995141	0.995549	-0.000408	0.999145	0.999511	0.999550	0.995589	0.995998
14.900337	0.995191	0.995857	-0.000666	0.999007	0.999639	0.999668	0.995521	0.996188
14.936701	0.996995	0.996362	0.000633	1.000423	0.999768	0.999787	0.997208	0.996575
14.975275	0.997475	0.995789	0.001686	1.001602	0.999904	0.999912	0.997563	0.995877
15.013117	0.996799	0.995792	0.001007	1.001049	1.000038	1.000035	0.996763	0.995756
15.049503	0.996010	0.995578	0.000432	1.000593	1.000167	1.000154	0.995856	0.995425
15.087711	0.996004	0.995998	0.000006	1.000290	1.000302	1.000278	0.995726	0.995720
15.125919	0.996986	0.996466	0.000520	1.000927	1.000437	1.000402	0.996585	0.996065
15.162328	0.996949	0.996165	0.000783	1.001309	1.000566	1.000520	0.996429	0.995646
15.198681	0.996031	0.995897	0.000134	1.000780	1.000694	1.000638	0.995395	0.995261
15.235089	0.995282	0.996047	-0.000765	0.999997	1.000822	1.000756	0.994529	0.995294
15.271463	0.996884	0.996513	0.000371	1.001248	1.000950	1.000874	0.996013	0.995642
15.307860	0.997701	0.996940	0.000760	1.001753	1.001077	1.000991	0.996711	0.995952
15.344225	0.995745	0.997421	-0.001676	0.999430	1.001204	1.001108	0.994642	0.996316
15.380623	0.999903	0.997503	0.002400	1.003623	1.001331	1.001225	0.998679	0.996282
15.416986	0.998467	0.998319	0.000148	1.001483	1.001457	1.001341	0.997128	0.996980
15.453395	0.997308	0.997843	-0.000534	1.000922	1.001583	1.001457	0.995856	0.996389
15.489769	0.998080	0.998839	-0.000758	1.000811	1.001709	1.001572	0.996511	0.997268
15.526166	0.997031	0.998382	-0.001350	1.000336	1.001834	1.001687	0.995350	0.996698
15.562541	0.998714	0.998746	-0.000032	1.001768	1.001958	1.001801	0.996916	0.996947
15.598949	0.997344	0.998139	-0.000795	1.001119	1.002082	1.001915	0.995435	0.996228
15.635324	0.998809	0.998200	0.000609	1.002638	1.002205	1.002029	0.996784	0.996176
15.671700	0.998813	0.997703	0.001111	1.003253	1.002328	1.002141	0.996676	0.995568
15.708085	0.999181	0.998045	0.001136	1.003389	1.002449	1.002253	0.996931	0.995798
15.744493	0.996946	0.998492	-0.001546	1.000818	1.002571	1.002365	0.994590	0.996132
15.780880	0.996761	0.997710	-0.000949	1.001526	1.002691	1.002476	0.994296	0.995243
15.817266	0.997621	0.997911	-0.000290	1.002297	1.002810	1.002585	0.995045	0.995334
15.853642	0.996881	0.998665	-0.001784	1.000910	1.002929	1.002694	0.994198	0.995977
15.890027	0.997540	0.998574	-0.001034	1.001768	1.003046	1.002803	0.994747	0.995779
15.926423	0.998214	0.998738	-0.000525	1.002383	1.003163	1.002910	0.995312	0.995836
15.962811	0.999323	0.998475	0.000848	1.003862	1.003279	1.003017	0.996312	0.995467
15.999186	0.999692	0.999755	-0.000064	1.003056	1.003394	1.003122	0.996575	0.996638
16.035582	1.001451	1.000584	0.000867	1.004090	1.003508	1.003227	0.998225	0.997361
16.071945	1.000812	1.000508	0.000304	1.003630	1.003620	1.003331	0.997484	0.997181
16.108343	1.000088	1.000409	-0.000321	1.003109	1.003732	1.003433	0.996660	0.996980
16.147652	0.999181	0.999827	-0.000647	1.002892	1.003851	1.003543	0.995647	0.996291
16.184782	0.999014	0.999855	-0.000840	1.002801	1.003963	1.003646	0.995379	0.996216
16.221169	0.999997	1.000412	-0.000415	1.003327	1.004071	1.003745	0.996259	0.996673
16.257544	0.998196	0.999479	-0.001282	1.002557	1.004178	1.003843	0.994368	0.995645
16.293907	0.999855	0.999864	-0.000009	1.003928	1.004283	1.003940	0.995923	0.995932
16.330292	0.999890	1.000090	-0.000200	1.003833	1.004387	1.004036	0.995863	0.996062
16.366678	1.000413	1.000211	0.000201	1.004329	1.004490	1.004131	0.996289	0.996089
16.403088	0.999739	0.999850	-0.000111	1.004111	1.004592	1.004225	0.995525	0.995636
16.439486	1.001402	0.999742	0.001660	1.005974	1.004692	1.004317	0.997089	0.995436
16.475882	0.999660	0.999903	-0.000243	1.004162	1.004791	1.004408	0.995265	0.995507
16.512247	1.000424	1.000074	0.000350	1.004844	1.004889	1.004498	0.995936	0.995587
16.548643	1.000325	1.000041	0.000284	1.004867	1.004985	1.004586	0.995750	0.995467
16.585018	1.000753	0.999696	0.001056	1.005725	1.005079	1.004673	0.996089	0.995038
16.621426	0.999791	0.999665	0.000126	1.004879	1.005172	1.004758	0.995047	0.994921
16.657803	0.999200	1.000316	-0.001117	1.003718	1.005264	1.004843	0.994375	0.995486
16.694187	0.999283	1.000587	-0.001304	1.003611	1.005354	1.004925	0.994375	0.995672
16.730595	1.000698	1.001392	-0.000694	1.004308	1.005442	1.005007	0.995703	0.996393
16.766949	1.000638	1.001180	-0.000542	1.004539	1.005529	1.005087	0.995563	0.996102
16.803345	1.001250	1.001353	-0.000103	1.005057	1.005614	1.005165	0.996094	0.996197
16.839743	0.999713	1.000544	-0.000832	1.004405	1.005698	1.005242	0.994489	0.995316
16.876106	1.000893	1.001484	-0.000592	1.004721	1.005780	1.005317	0.995587	0.996176
16.912493	1.000698	1.001315	-0.000617	1.004769	1.005860	1.005391	0.995321	0.995934
16.948889	1.002038	1.001162	0.000876	1.006335	1.005938	1.005463	0.996581	0.995710
16.985275	1.000708	1.001496	-0.000788	1.004741	1.006015	1.005534	0.995188	0.995972
17.021673	1.001039	1.000821	0.000218	1.005817	1.006090	1.005603	0.995448	0.995231
17.058048	1.000036	1.000709	-0.000673	1.004993	1.006164	1.005671	0.994384	0.995053
17.094435	0.999826	1.000574	-0.000748	1.004985	1.006235	1.005736	0.994110	0.994854
17.130821	1.001126	1.001090	0.000036	1.005832	1.006305	1.005801	0.995339	0.995303
17.167194	1.002159	1.001345	0.000814	1.006673	1.006373	1.005863	0.996304	0.995495
17.203581	1.002142	1.000526	0.001616	1.007534	1.006439	1.005924	0.996226	0.994620
17.239979	1.002104	1.001018	0.001086	1.007064	1.006504	1.005984	0.996129	0.995049
17.276377	1.001413	1.001180	0.000233	1.006267	1.006567	1.006041	0.995385	0.995153
17.312761	1.002333	1.001467	0.000867	1.006957	1.006627	1.006097	0.996244	0.995382
17.350580	1.005088	1.001892	0.003197	1.009343	1.006689	1.006154	0.998926	0.995749
17.392788	1.004610	1.002395	0.002215	1.008424	1.006755	1.006214	0.998390	0.996189
17.429186	1.002642	1.002186	0.000456	1.006717	1.006809	1.006265	0.996384	0.995931
17.465584	0.999782	1.001738	-0.001956	1.004352	1.006863	1.006314	0.993493	0.995437
17.501959	1.000876	1.002249	-0.001373	1.004982	1.006914	1.006361	0.994534	0.995898
17.538357	1.002014	1.001807	0.000207	1.006608	1.006963	1.006406	0.995620	0.995414
17.574741	1.004295	1.002550	0.001745	1.008191	1.007010	1.006449	0.997842	0.996109
17.611126	1.004794	1.001953	0.002841	1.009328	1.007056	1.006491	0.998296	0.995474
17.647491	1.000880	1.002237	-0.001357	1.005171	1.007099	1.006531	0.994368	0.995716
17.683878	1.001280	1.001776	-0.000496	1.006069	1.007141	1.006570	0.994728	0.995221
17.720274	1.001831	1.002523	-0.000692	1.005911	1.007180	1.006606	0.995238	0.995926
17.756649	1.002347	1.001689	0.000658	1.007295	1.007218	1.006641	0.995716	0.995062
17.793036	0.999491	1.001080	-0.001589	1.005086	1.007254	1.006674	0.992846	0.994424
17.829443	1.001638	1.001082	0.000556	1.007264	1.007288	1.006705	0.994948	0.994395
17.865808	1.002233	1.001419	0.000814	1.007547	1.007320	1.006735	0.995509	0.994701
17.902216	1.000707	1.001183	-0.000477	1.006284	1.007350	1.006762	0.993965	0.994439
17.941513	1.001827	1.001582	0.000244	1.007031	1.007381	1.006790	0.995050	0.994807
17.978600	1.001506	1.001649	-0.000143	1.006665	1.007408	1.006815	0.994707	0.994849
18.015007	1.000203	1.001917	-0.001714	1.005117	1.007432	1.006837	0.993390	0.995093
18.051405	1.004453	1.002883	0.001570	1.008427	1.007454	1.006858	0.997591	0.996032
18.087791	1.002663	1.002112	0.000551	1.007422	1.007475	1.006877	0.995794	0.995247
18.124155	1.004114	1.002402	0.001712	1.008604	1.007493	1.006894	0.997218	0.995518
18.160563	1.001401	1.001953	-0.000552	1.006354	1.007510	1.006909	0.994509	0.995057
18.196926	1.002177	1.002429	-0.000252	1.006670	1.007525	1.006923	0.995265	0.995515
18.235868	1.003028	1.002315	0.000713	1.007648	1.007539	1.006936	0.996098	0.995389
18.273344	1.001188	1.001868	-0.000680	1.006266	1.007550	1.006946	0.994260	0.994935
18.309731	1.002087	1.002174	-0.000087	1.006867	1.007559	1.006955	0.995144	0.995230
18.346115	1.002464	1.002455	0.000010	1.006970	1.007567	1.006961	0.995512	0.995502
18.382502	1.000597	1.001968	-0.001371	1.005595	1.007572	1.006966	0.993652	0.995014
18.418898	1.001861	1.002240	-0.000379	1.006590	1.007576	1.006970	0.994904	0.995281
18.455273	1.000206	1.002164	-0.001959	1.005013	1.007578	1.006972	0.993258	0.995203
18.491659	1.002568	1.001353	0.001215	1.008187	1.007578	1.006972	0.995604	0.994397
18.528046	1.003402	1.002022	0.001380	1.008351	1.007576	1.006970	0.996433	0.995063
18.564409	1.000980	1.002505	-0.001524	1.005443	1.007573	1.006967	0.994032	0.995545
18.603374	1.003352	1.001697	0.001655	1.008611	1.007567	1.006962	0.996391	0.994748
18.640837	1.002745	1.001838	0.000907	1.007856	1.007560	1.006955	0.995795	0.994895
18.677235	1.002575	1.002895	-0.000319	1.006630	1.007551	1.006947	0.995634	0.995952
18.713598	1.003119	1.002851	0.000268	1.007207	1.007541	1.006938	0.996184	0.995917
18.749996	1.003109	1.002639	0.000470	1.007399	1.007529	1.006927	0.996185	0.995718
18.786371	1.002327	1.002936	-0.000609	1.006307	1.007515	1.006914	0.995420	0.996025
18.822767	1.003069	1.002650	0.000418	1.007320	1.007500	1.006900	0.996171	0.995756
18.859142	1.002566	1.003132	-0.000566	1.006318	1.007483	1.006884	0.995687	0.996249
18.895550	1.003093	1.002677	0.000416	1.007283	1.007464	1.006867	0.996227	0.995814
18.935192	1.003533	1.002664	0.000869	1.007717	1.007442	1.006847	0.996684	0.995821
18.971945	1.002685	1.002725	-0.000039	1.006788	1.007420	1.006826	0.995862	0.995901
19.008343	1.002170	1.002432	-0.000261	1.006543	1.007397	1.006805	0.995372	0.995631
19.044727	1.003145	1.002613	0.000532	1.007314	1.007372	1.006782	0.996363	0.995834
19.081114	1.001211	1.002246	-0.001035	1.005723	1.007345	1.006758	0.994466	0.995494
19.117489	1.001692	1.002359	-0.000667	1.006061	1.007317	1.006732	0.994969	0.995631
19.153875	1.003250	1.001960	0.001290	1.007998	1.007288	1.006705	0.996543	0.995262
19.190285	1.000780	1.002312	-0.001532	1.005147	1.007257	1.006677	0.994117	0.995639
19.226660	1.002086	1.001861	0.000225	1.006876	1.007225	1.006647	0.995444	0.995220
19.263033	1.000161	1.002498	-0.002338	1.004283	1.007192	1.006616	0.993561	0.995884
19.299442	1.003071	1.003538	-0.000467	1.006124	1.007157	1.006584	0.996485	0.996948
19.335815	1.002579	1.003426	-0.000847	1.005711	1.007121	1.006551	0.996028	0.996869
19.372936	1.003817	1.003540	0.000277	1.006799	1.007083	1.006516	0.997293	0.997018
19.412222	1.001374	1.002695	-0.001322	1.005161	1.007041	1.006477	0.994904	0.996217
19.448641	1.002400	1.002669	-0.000269	1.006172	1.007001	1.006441	0.995959	0.996227
19.485016	1.004385	1.003162	0.001223	1.007628	1.006959	1.006403	0.997970	0.996755
19.521402	1.001260	1.002411	-0.001151	1.005217	1.006917	1.006364	0.994903	0.996047
19.557789	1.001178	1.001921	-0.000743	1.005586	1.006873	1.006323	0.994862	0.995600
19.594187	1.001894	1.001917	-0.000023	1.006263	1.006829	1.006282	0.995614	0.995637
19.630550	1.002624	1.002724	-0.000100	1.006140	1.006783	1.006240	0.996381	0.996480
19.666958	1.002656	1.001598	0.001059	1.007257	1.006736	1.006197	0.996456	0.995403
19.703321	1.000693	1.001905	-0.001212	1.004941	1.006688	1.006153	0.994549	0.995753
19.739742	1.003042	1.001750	0.001293	1.007403	1.006639	1.006108	0.996928	0.995643
19.776104	1.000435	1.001808	-0.001373	1.004692	1.006589	1.006062	0.994382	0.995747
19.812490	1.000928	1.002092	-0.001165	1.004856	1.006538	1.006015	0.994918	0.996076
19.848888	1.001824	1.001959	-0.000135	1.005838	1.006486	1.005967	0.995856	0.995991
19.885263	0.999457	1.001938	-0.002481	1.003443	1.006433	1.005919	0.993551	0.996018
19.921650	1.001162	1.002281	-0.001119	1.004756	1.006380	1.005870	0.995295	0.996408
19.958046	1.003148	1.001872	0.001275	1.007100	1.006325	1.005819	0.997319	0.996051
19.994421	1.003371	1.002172	0.001199	1.006972	1.006270	1.005769	0.997592	0.996400
20.030819	1.001619	1.001470	0.000149	1.005870	1.006214	1.005717	0.995901	0.995753
20.067194	1.001632	1.001759	-0.000127	1.005536	1.006157	1.005665	0.995966	0.996092
20.103601	0.998675	1.001454	-0.002780	1.002834	1.006100	1.005612	0.993078	0.995842
20.139965	1.000949	1.001462	-0.000513	1.005050	1.006041	1.005558	0.995393	0.995902
20.176374	1.000302	1.000898	-0.000596	1.004913	1.005983	1.005504	0.994803	0.995395
20.212738	1.003223	1.001685	0.001538	1.006989	1.005923	1.005449	0.997763	0.996233
20.249123	1.000316	1.001087	-0.000771	1.004625	1.005863	1.005394	0.994926	0.995693
20.285532	1.000663	1.000986	-0.000322	1.005015	1.005802	1.005338	0.995327	0.995648
20.321907	1.003551	1.000876	0.002675	1.007957	1.005741	1.005282	0.998255	0.995595
20.358282	1.001301	1.001311	-0.000009	1.005214	1.005679	1.005225	0.996074	0.996084
20.394669	1.001925	1.000598	0.001327	1.006501	1.005617	1.005167	0.996752	0.995431
20.431055	0.999512	1.000644	-0.001133	1.003984	1.005554	1.005110	0.994408	0.995535
20.467440	1.003488	1.001040	0.002448	1.007505	1.005491	1.005051	0.998422	0.995986
20.503826	0.999153	1.001662	-0.002509	1.002490	1.005427	1.004993	0.994167	0.996663
20.540213	1.003904	1.001232	0.002672	1.007613	1.005363	1.004934	0.998954	0.996295
20.576597	1.004169	1.001101	0.003068	1.007947	1.005299	1.004875	0.999276	0.996223
20.612986	1.002238	1.001973	0.000265	1.005083	1.005234	1.004816	0.997414	0.997150
20.649370	1.001247	1.002156	-0.000909	1.003844	1.005169	1.004756	0.996487	0.997391
20.685780	1.001622	1.001483	0.000139	1.004836	1.005104	1.004696	0.996920	0.996782
20.722132	1.001422	1.001318	0.000105	1.004737	1.005039	1.004636	0.996781	0.996677
20.758539	1.002238	1.000705	0.001533	1.006109	1.004973	1.004575	0.997654	0.996127
20.794926	1.001986	1.000414	0.001573	1.006087	1.004907	1.004515	0.997463	0.995898
20.833878	1.001205	1.001160	0.000045	1.004488	1.004837	1.004450	0.996750	0.996706
20.871330	0.998347	1.000164	-0.001817	1.002569	1.004769	1.004387	0.993967	0.995776
20.909534	1.000710	0.999864	0.000845	1.005171	1.004699	1.004323	0.996383	0.995541
