0.020568	1.002737	0.986826	0.015911	0.995025	0.979238	0.993356	1.023993	1.007744
0.056960	0.995210	0.986004	0.009206	0.987485	0.978412	0.993092	1.017166	1.007757
0.093340	0.982238	0.984588	-0.002350	0.975696	0.978161	0.993011	1.004168	1.006570
0.129742	0.983799	0.983825	-0.000026	0.978364	0.978491	0.993117	1.005427	1.005453
0.166111	0.978157	0.986021	-0.007864	0.971413	0.979392	0.993406	0.998743	1.006773
0.202514	0.965662	0.985583	-0.019920	0.960848	0.980843	0.993870	0.984529	1.004838
0.238905	1.003604	0.989041	0.014563	0.997280	0.982804	0.994497	1.021172	1.006354
0.275307	0.988435	0.992570	-0.004135	0.980999	0.985223	0.995271	1.003270	1.007467
0.311687	0.996436	0.996035	0.000401	0.988341	0.988033	0.996171	1.008515	1.008109
0.348089	1.003966	0.997148	0.006819	0.997921	0.991164	0.997173	1.012928	1.006049
0.384458	1.033646	1.001064	0.032582	1.027075	0.994527	0.998249	1.039347	1.006585
0.420872	1.008894	1.005164	0.003731	1.001750	0.998040	0.999373	1.010888	1.007150
0.457252	1.018816	1.008104	0.010712	1.012318	1.001602	1.000513	1.017199	1.006505
0.493654	1.008871	1.013306	-0.004435	1.000733	1.005123	1.001639	1.003741	1.008153
0.530045	1.012520	1.013767	-0.001247	1.007305	1.008507	1.002722	1.003990	1.005226
0.566425	1.022609	1.019334	0.003275	1.015028	1.011664	1.003733	1.010830	1.007592
0.602816	1.007114	1.022358	-0.015244	0.999382	1.014511	1.004644	0.992719	1.007744
0.639219	1.027633	1.022612	0.005021	1.022086	1.016973	1.005431	1.010491	1.005553
0.675587	1.030091	1.026982	0.003109	1.022222	1.018981	1.006074	1.010910	1.007859
0.711990	1.043102	1.027892	0.015210	1.035846	1.020485	1.006555	1.022168	1.007263
0.748370	1.039265	1.030297	0.008968	1.030606	1.021444	1.006862	1.017449	1.008670
0.784784	1.021519	1.029817	-0.008298	1.013719	1.021832	1.006986	0.999694	1.007815
0.821153	1.027699	1.029380	-0.001681	1.020144	1.021639	1.006925	1.005930	1.007576
0.857555	1.024430	1.027899	-0.003469	1.017565	1.020870	1.006678	1.003484	1.006882
0.893946	1.037522	1.025882	0.011640	1.031334	1.019546	1.006255	1.017626	1.006209
0.930348	1.005101	1.025483	-0.020382	0.997479	1.017701	1.005664	0.987613	1.007640
0.966717	1.022848	1.021212	0.001636	1.017131	1.015386	1.004924	1.007339	1.005729
1.003142	1.005666	1.018575	-0.012909	0.999840	1.012658	1.004051	0.993085	1.005833
1.039510	0.998728	1.018163	-0.019436	0.990278	1.009598	1.003071	0.989222	1.008472
1.075912	0.994904	1.010520	-0.015616	0.990710	1.006279	1.002009	0.988684	1.004202
1.112326	1.009863	1.000283	0.009580	1.012319	1.002792	1.000894	1.007039	0.997486
1.148684	1.004814	1.003616	0.001198	1.000444	0.999236	0.999756	1.005569	1.004370
1.185076	0.992254	1.002686	-0.010432	0.985252	0.995697	0.998623	0.996529	1.007006
1.221476	0.996415	0.997248	-0.000833	0.991403	0.992272	0.997527	1.004163	1.005002
1.257846	0.999841	0.995036	0.004805	0.993809	0.989055	0.996498	1.010893	1.006035
1.294261	0.984542	0.992341	-0.007799	0.978248	0.986126	0.995560	0.998383	1.006292
1.332829	0.982867	0.990188	-0.007321	0.975996	0.983428	0.994697	0.999420	1.006865
1.370675	0.980883	0.985747	-0.004864	0.976324	0.981262	0.994004	0.999607	1.004563
1.407067	0.984748	0.985382	-0.000634	0.978930	0.979687	0.993500	1.005161	1.005808
1.443458	0.982086	0.983987	-0.001901	0.976643	0.978653	0.993169	1.003506	1.005448
1.479860	0.986854	0.984629	0.002225	0.980273	0.978186	0.993020	1.008860	1.006585
1.516230	0.971718	0.985109	-0.013391	0.964767	0.978301	0.993056	0.993273	1.006961
1.552621	0.974302	0.987586	-0.013284	0.965525	0.978992	0.993278	0.995212	1.008781
1.589012	0.989085	0.987292	0.001793	0.981898	0.980243	0.993678	1.009025	1.007196
1.625413	0.988380	0.989789	-0.001410	0.980464	0.982020	0.994247	1.006483	1.007918
1.661816	0.997469	0.991456	0.006013	0.990181	0.984277	0.994968	1.013412	1.007303
1.698196	0.995374	0.992188	0.003186	0.990069	0.986950	0.995824	1.008545	1.005318
1.734576	0.990286	0.998626	-0.008340	0.981545	0.989970	0.996790	1.000331	1.008755
1.770978	1.003114	0.999617	0.003497	0.996710	0.993259	0.997843	1.009934	1.006413
1.807359	1.012732	1.004133	0.008599	1.005286	0.996725	0.998952	1.016071	1.007444
1.843761	1.005983	1.007955	-0.001972	0.998310	1.000281	1.000090	1.005713	1.007684
1.880174	1.012423	1.009278	0.003145	1.006989	1.003831	1.001226	1.008573	1.005439
1.916544	1.023342	1.012694	0.010648	1.017945	1.007274	1.002328	1.015965	1.005393
1.952945	1.021859	1.015997	0.005862	1.016424	1.010526	1.003368	1.011226	1.005425
1.989336	1.023409	1.019035	0.004374	1.017937	1.013498	1.004319	1.009790	1.005474
2.029383	1.019132	1.023884	-0.004752	1.011705	1.016350	1.005232	1.002746	1.007421
2.065763	1.038056	1.023321	0.014735	1.033294	1.018486	1.005916	1.019221	1.004754
2.102145	1.023997	1.025080	-0.001083	1.019143	1.020131	1.006442	1.003795	1.004856
2.138535	1.022895	1.028134	-0.005239	1.016143	1.021240	1.006797	1.001623	1.006753
2.174937	1.030699	1.026926	0.003773	1.025675	1.021785	1.006971	1.008726	1.005033
2.211340	1.030652	1.029845	0.000807	1.022742	1.021749	1.006960	1.008713	1.007923
2.247730	1.034372	1.028941	0.005431	1.026741	1.021134	1.006763	1.012962	1.007643
2.284111	1.018938	1.026770	-0.007833	1.012270	1.019957	1.006386	0.998996	1.006675
2.320502	1.012424	1.023849	-0.011425	1.006933	1.018249	1.005839	0.994273	1.005493
2.356893	1.027506	1.022500	0.005006	1.021181	1.016055	1.005137	1.011262	1.006335
2.394007	1.008959	1.020928	-0.011969	1.001528	1.013377	1.004281	0.995631	1.007442
2.433320	1.016199	1.016771	-0.000573	1.009647	1.010139	1.003245	1.005987	1.006554
2.469711	1.010886	1.013973	-0.003088	1.003835	1.006859	1.002195	1.003987	1.007054
2.506091	1.025483	1.011826	0.013657	1.017092	1.003397	1.001087	1.021998	1.008387
2.542493	1.012534	1.004828	0.007706	1.007558	0.999843	0.999950	1.012680	1.004973
2.578885	1.009188	1.001670	0.007518	1.003804	0.996294	0.998814	1.012929	1.005383
2.615264	0.989990	0.998494	-0.008504	0.984309	0.992845	0.997710	0.997113	1.005678
2.651656	0.993646	0.996133	-0.002488	0.987028	0.989585	0.996667	1.004092	1.006606
2.688047	0.985852	0.992360	-0.006509	0.980009	0.986602	0.995713	0.999229	1.005826
2.724460	0.976574	0.988634	-0.012060	0.971842	0.983974	0.994872	0.992471	1.004727
2.760830	0.988792	0.986716	0.002075	0.983759	0.981776	0.994168	1.007139	1.005025
2.797221	0.991189	0.986541	0.004648	0.984569	0.980061	0.993620	1.011348	1.006606
2.833633	0.990306	0.984956	0.005350	0.984103	0.978877	0.993241	1.011672	1.006207
2.872558	0.984020	0.985943	-0.001923	0.976149	0.978233	0.993035	1.005914	1.007880
2.910050	0.984848	0.984793	0.000056	0.978161	0.978240	0.993037	1.006756	1.006699
2.946430	0.981185	0.987599	-0.006414	0.972232	0.978834	0.993227	1.002404	1.008957
2.982831	0.982198	0.986184	-0.003985	0.975883	0.979993	0.993598	1.002256	1.006323
3.019224	0.987900	0.988964	-0.001064	0.980472	0.981683	0.994139	1.006340	1.007424
3.055615	0.992213	0.991049	0.001164	0.984900	0.983861	0.994835	1.008498	1.007314
3.091994	0.997501	0.992066	0.005435	0.991819	0.986467	0.995670	1.011195	1.005685
3.128409	1.001380	0.994898	0.006481	0.995845	0.989437	0.996620	1.012082	1.005531
3.164777	0.984224	0.997622	-0.013398	0.979230	0.992683	0.997659	0.991490	1.004987
3.201168	1.007244	1.003380	0.003864	0.999945	0.996127	0.998761	1.011173	1.007294
3.237570	0.999885	1.005546	-0.005662	0.993992	0.999674	0.999896	1.000223	1.005886
3.273962	1.015986	1.008245	0.007741	1.010974	1.003230	1.001034	1.012728	1.005011
3.310341	1.016169	1.010918	0.005251	1.011960	1.006698	1.002143	1.009420	1.004205
3.346732	1.024401	1.012823	0.011578	1.021585	1.009989	1.003196	1.014281	1.002817
3.383113	1.020562	1.021358	-0.000796	1.012309	1.013013	1.004164	1.007462	1.008248
3.419516	1.033637	1.024398	0.009239	1.025017	1.015693	1.005022	1.017676	1.008580
3.455895	1.014058	1.025463	-0.011405	1.006663	1.017953	1.005745	0.996181	1.007385
3.492309	1.030025	1.025519	0.004506	1.024358	1.019737	1.006316	1.010095	1.005676
3.528711	1.034580	1.029286	0.005294	1.026472	1.020995	1.006719	1.013309	1.008124
3.565102	1.036126	1.027860	0.008266	1.030103	1.021694	1.006942	1.014126	1.006036
3.601470	1.030294	1.026396	0.003898	1.025816	1.021816	1.006981	1.008297	1.004483
3.637862	1.034650	1.029663	0.004987	1.026523	1.021357	1.006834	1.013013	1.008130
3.674254	1.031013	1.027284	0.003729	1.024191	1.020330	1.006505	1.010466	1.006811
3.710644	1.018549	1.025434	-0.006885	1.012020	1.018761	1.006004	0.999785	1.006544
3.747036	1.025121	1.024097	0.001024	1.017846	1.016694	1.005342	1.008281	1.007274
3.783427	1.017123	1.015413	0.001710	1.015919	1.014182	1.004538	1.002891	1.001205
3.819818	1.009824	1.017653	-0.007829	1.003545	1.011292	1.003613	0.998538	1.006279
3.856210	1.001145	1.012367	-0.011222	0.996926	1.008102	1.002593	0.993087	1.004219
3.892590	1.015153	1.007283	0.007870	1.012592	1.004698	1.001503	1.010395	1.002562
3.929002	1.012514	1.006310	0.006204	1.007384	1.001165	1.000373	1.011323	1.005126
3.965372	1.009138	1.002490	0.006648	1.004251	0.997605	0.999234	1.011547	1.004883
4.001786	0.990799	0.999857	-0.009058	0.985027	0.994105	0.998114	0.996662	1.005773
4.038165	1.006168	0.994003	0.012164	1.002900	0.990765	0.997045	1.015534	1.003256
4.074580	1.001340	0.990730	0.010610	0.998222	0.987668	0.996054	1.013832	1.003090
4.110937	1.002914	0.991044	0.011870	0.996681	0.984904	0.995169	1.018277	1.006225
4.147338	0.993152	0.987841	0.005311	0.987762	0.982538	0.994412	1.010795	1.005389
4.183741	0.987541	0.986346	0.001195	0.981729	0.980637	0.993804	1.007034	1.005816
4.220121	0.993671	0.984009	0.009661	0.988821	0.979252	0.993361	1.014720	1.004854
4.258701	0.989399	0.984430	0.004969	0.983226	0.978387	0.993084	1.011253	1.006175
4.296548	0.986471	0.982816	0.003655	0.981720	0.978167	0.993013	1.008490	1.004753
4.332929	0.979982	0.983053	-0.003071	0.975380	0.978547	0.993135	1.001469	1.004607
4.369364	0.982462	0.983557	-0.001095	0.978305	0.979500	0.993440	1.003028	1.004146
4.405722	0.979560	0.985014	-0.005454	0.975462	0.980996	0.993919	0.998542	1.004102
4.442135	1.001377	0.985207	0.016170	0.999126	0.983001	0.994560	1.018702	1.002252
4.478527	0.992328	0.986487	0.005841	0.991267	0.985457	0.995346	1.006982	1.001055
4.514895	0.998985	0.989819	0.009166	0.997437	0.988298	0.996255	1.010825	1.001550
4.551275	0.981111	0.995863	-0.014752	0.976635	0.991451	0.997264	0.989583	1.004462
4.590611	0.998836	0.999352	-0.000516	0.994562	0.995113	0.998436	1.003754	1.004272
4.627713	0.994071	1.000657	-0.006586	0.992109	0.998709	0.999587	0.995368	1.001963
4.664094	1.005349	1.006516	-0.001167	1.001087	1.002270	1.000726	1.003085	1.004249
4.700506	1.016140	1.007718	0.008422	1.014195	1.005774	1.001848	1.010319	1.001946
4.736898	0.999955	1.013969	-0.014014	0.995135	1.009122	1.002919	0.990927	1.004815
4.773267	1.013661	1.013123	0.000538	1.012749	1.012226	1.003912	1.001429	1.000897
4.809658	1.015902	1.017814	-0.001912	1.013123	1.015005	1.004802	1.000893	1.002776
4.846061	1.013365	1.017725	-0.004360	1.013025	1.017387	1.005564	0.996055	1.000340
4.882463	1.036530	1.024870	0.011660	1.031056	1.019305	1.006178	1.016905	1.005466
4.918843	1.027405	1.023398	0.004007	1.024768	1.020709	1.006627	1.006565	1.002639
4.955234	1.022410	1.025385	-0.002975	1.018668	1.021561	1.006900	1.000833	1.003745
4.991636	1.014261	1.026274	-0.012013	1.009925	1.021840	1.006989	0.992583	1.004339
5.028028	1.038371	1.027446	0.010925	1.032588	1.021538	1.006892	1.016476	1.005782
5.064430	0.999533	1.021508	-0.021975	0.998709	1.020662	1.006612	0.979295	1.000825
5.100810	1.024414	1.019657	0.004757	1.024009	1.019236	1.006156	1.005074	1.000407
5.140835	1.020748	1.019849	0.000899	1.018033	1.017079	1.005465	1.003599	1.002716
5.177237	1.008690	1.016583	-0.007893	1.006780	1.014637	1.004684	0.994129	1.001908
5.213627	1.020895	1.012666	0.008230	1.020060	1.011807	1.003778	1.008972	1.000838
5.250008	1.014117	1.008561	0.005556	1.014232	1.008663	1.002772	1.005395	0.999887
5.286433	1.003649	1.010023	-0.006373	0.998939	1.005285	1.001691	0.998361	1.004700
5.322813	1.009837	1.003711	0.006127	1.007905	1.001770	1.000566	1.008040	1.001925
5.359193	1.009168	0.998117	0.011051	1.009263	0.998208	0.999427	1.010966	0.999896
5.400318	0.996953	0.995782	0.001171	0.995415	0.994244	0.998158	1.002712	1.001534
5.439253	0.998083	0.992821	0.005262	0.995911	0.990669	0.997014	1.007472	1.002161
5.475667	0.988802	0.984909	0.003893	0.991511	0.987580	0.996026	1.001227	0.997285
5.514936	0.992324	0.988325	0.003999	0.988560	0.984623	0.995079	1.007812	1.003750
5.552072	0.978890	0.986425	-0.007535	0.974640	0.982263	0.994324	0.996559	1.004229
5.592096	0.985599	0.985497	0.000102	0.980271	0.980271	0.993687	1.005429	1.005325
5.628488	0.985651	0.982431	0.003220	0.982162	0.979010	0.993283	1.006779	1.003490
5.664889	0.976264	0.981986	-0.005722	0.972509	0.978308	0.993059	0.997909	1.003757
5.701270	1.002132	0.980921	0.021210	0.999334	0.978183	0.993019	1.024483	1.002800
5.737671	0.992474	0.981511	0.010963	0.989539	0.978639	0.993164	1.014139	1.002937
5.774053	0.993683	0.980551	0.013132	0.992775	0.979663	0.993492	1.014315	1.000910
5.810455	0.994809	0.983289	0.011520	0.992705	0.981229	0.993993	1.013846	1.002106
5.846835	0.982654	0.983733	-0.001079	0.982198	0.983294	0.994654	0.999357	1.000455
5.883226	0.986878	0.986885	-0.000007	0.985773	0.985803	0.995457	1.001100	1.001107
5.921439	0.999681	0.985118	0.014563	1.003446	0.988844	0.996430	1.010970	0.996243
5.959641	0.981912	0.988828	-0.006916	0.985317	0.992211	0.997508	0.989632	0.996602
5.996055	0.995982	0.996577	-0.000595	0.995024	0.995635	0.998603	1.000361	1.000959
6.032435	1.007835	0.999279	0.008555	1.007717	0.999171	0.999735	1.008683	1.000121
6.068838	1.016713	1.002298	0.014415	1.017134	1.002732	1.000874	1.013955	0.999580
6.105218	1.006930	1.007125	-0.000195	1.006010	1.006218	1.001990	1.000719	1.000913
6.141609	1.005238	1.007135	-0.001898	1.007613	1.009540	1.003053	0.995750	0.997630
6.178000	1.020757	1.011978	0.008779	1.021362	1.012607	1.004034	1.008059	0.999389
6.214391	1.013186	1.011416	0.001770	1.017048	1.015339	1.004909	0.997888	0.996145
6.250783	1.008677	1.018410	-0.009734	1.007936	1.017663	1.005652	0.991177	1.000742
6.287174	1.021824	1.019950	0.001873	1.021392	1.019517	1.006245	1.002269	1.000431
6.323554	1.025568	1.017549	0.008019	1.028805	1.020851	1.006672	1.004624	0.996770
6.359967	1.036024	1.022884	0.013140	1.034795	1.021631	1.006922	1.014091	1.001229
6.396358	1.024121	1.025091	-0.000970	1.020935	1.021834	1.006987	1.002238	1.003188
6.432760	1.022365	1.023194	-0.000829	1.020665	1.021456	1.006866	1.000888	1.001700
6.469119	1.023816	1.025226	-0.001411	1.019191	1.020508	1.006563	1.003237	1.004619
6.506643	1.021517	1.017737	0.003780	1.022726	1.018959	1.006067	1.002505	0.998795
6.545534	1.023969	1.017064	0.006905	1.023709	1.016788	1.005372	1.007055	1.000264
6.581959	1.012074	1.010748	0.001326	1.015581	1.014291	1.004573	0.997805	0.996498
6.618328	1.009636	1.012497	-0.002861	1.008581	1.011417	1.003653	0.998229	1.001057
6.654741	1.008012	1.011779	-0.003767	1.004507	1.008236	1.002635	0.999766	1.003503
6.691110	1.002485	1.005934	-0.003449	1.001410	1.004839	1.001549	0.997645	1.001077
6.727524	1.012664	1.003883	0.008781	1.010109	1.001310	1.000419	1.011327	1.002557
6.763881	1.000537	0.995654	0.004884	1.002652	0.997751	0.999280	1.002780	0.997886
6.800306	0.981855	0.993403	-0.011548	0.982714	0.994245	0.998158	0.987526	0.999141
6.836686	0.983197	0.982502	0.000695	0.991690	0.990897	0.997087	0.992218	0.991516
6.873078	0.971574	0.982170	-0.010596	0.977267	0.987790	0.996093	0.983573	0.994300
6.909469	0.982434	0.983088	-0.000654	0.984397	0.985008	0.995203	0.997378	0.998041
6.945858	0.967743	0.981985	-0.014241	0.968407	0.982625	0.994440	0.984847	0.999340
6.982229	0.981147	0.978925	0.002222	0.982973	0.980706	0.993826	1.000444	0.998178
7.018642	0.986176	0.982735	0.003441	0.982670	0.979298	0.993375	1.007020	1.003506
7.055033	0.975417	0.980948	-0.005531	0.972860	0.978442	0.993101	0.996907	1.002559
7.091436	0.973355	0.979561	-0.006206	0.971919	0.978160	0.993011	0.995088	1.001432
7.127805	0.973803	0.978904	-0.005101	0.973342	0.978459	0.993107	0.995244	1.000458
7.164217	0.967637	0.982597	-0.014960	0.964301	0.979331	0.993386	0.988062	1.003338
7.200587	0.976786	0.982458	-0.005671	0.975041	0.980753	0.993841	0.995961	1.001744
7.236989	0.961279	0.981426	-0.020147	0.962561	0.982688	0.994460	0.978221	0.998723
7.273369	0.985151	0.985452	-0.000300	0.984769	0.985083	0.995227	1.000078	1.000383
7.309771	0.975138	0.988598	-0.013460	0.974399	0.987877	0.996121	0.987115	1.000741
7.346875	0.982821	0.981271	0.001551	0.992698	0.991055	0.997138	0.991703	0.990138
7.386187	0.999970	0.989022	0.010948	1.005660	0.994692	0.998301	1.005319	0.994313
7.422589	0.982638	0.991962	-0.009325	0.988886	0.998208	0.999427	0.984414	0.993756
7.458992	0.987007	1.000400	-0.013392	0.988367	1.001772	1.000567	0.985274	0.998642
7.495361	0.998629	1.009182	-0.010553	0.994740	1.005286	1.001692	0.993390	1.003888
7.531775	1.002824	1.008349	-0.005525	1.003108	1.008663	1.002772	0.994222	0.999700
7.568132	0.997004	1.009612	-0.012608	0.999135	1.011805	1.003778	0.985382	0.997843
7.604535	0.994870	1.010180	-0.015309	0.999260	1.014637	1.004684	0.980528	0.995616
7.640948	1.007465	1.014640	-0.007175	1.009853	1.017079	1.005465	0.990555	0.997610
7.677317	1.013080	1.020483	-0.007402	1.011682	1.019064	1.006101	0.994135	1.001398
7.713696	1.023005	1.018958	0.004047	1.024554	1.020543	1.006574	1.002418	0.998452
7.750122	1.016291	1.020951	-0.004659	1.016800	1.021476	1.006872	0.994927	0.999489
7.786524	1.025724	1.023257	0.002467	1.024335	1.021836	1.006988	1.003805	1.001391
7.824738	1.034460	1.024040	0.010420	1.032064	1.021589	1.006909	1.012598	1.002398
7.862951	1.023111	1.022917	0.000194	1.020950	1.020708	1.006627	1.002350	1.002160
7.899343	1.027328	1.019943	0.007385	1.026703	1.019304	1.006177	1.007867	1.000621
7.935722	1.016297	1.018853	-0.002556	1.014865	1.017387	1.005564	0.998921	1.001434
7.972103	1.013297	1.016887	-0.003590	1.011454	1.015007	1.004802	0.998306	1.001843
8.008505	1.011549	1.009065	0.002484	1.014689	1.012226	1.003912	0.999321	0.996867
8.044885	1.010043	1.008003	0.002040	1.011168	1.009122	1.002919	1.000902	0.998880
8.081287	0.999814	1.002353	-0.002539	1.003234	1.005773	1.001847	0.994063	0.996588
8.117689	1.008645	0.998650	0.009995	1.012277	1.002270	1.000726	1.006348	0.996376
8.154069	1.010742	0.998278	0.012464	1.011179	0.998709	0.999587	1.012035	0.999556
8.190472	1.003873	0.992212	0.011661	1.006875	0.995180	0.998458	1.008722	0.997005
8.226852	0.993076	0.983154	0.009922	1.001794	0.991782	0.997370	1.001293	0.991289
8.263243	0.989228	0.988934	0.000294	0.988896	0.988601	0.996352	1.000624	1.000326
8.299633	0.974455	0.983405	-0.008949	0.976817	0.985723	0.995431	0.988559	0.997638
8.336048	0.984797	0.982246	0.002551	0.985802	0.983224	0.994632	1.001591	0.998996
8.372416	0.974491	0.977006	-0.002514	0.978749	0.981175	0.993976	0.993181	0.995744
8.408818	0.976039	0.982934	-0.006895	0.972648	0.979624	0.993480	0.996335	1.003373
8.445210	0.979146	0.980234	-0.001088	0.977492	0.978617	0.993157	1.000537	1.001649
8.481624	0.983121	0.979707	0.003415	0.981562	0.978178	0.993017	1.005052	1.001561
8.517992	0.988352	0.978420	0.009931	0.988241	0.978321	0.993063	1.010254	1.000103
8.554395	0.985529	0.981490	0.004039	0.983026	0.979041	0.993293	1.006630	1.002505
8.590775	0.978924	0.981345	-0.002421	0.977871	0.980317	0.993702	0.998584	1.001053
8.627188	0.990198	0.982857	0.007341	0.989441	0.982120	0.994278	1.008233	1.000758
8.663579	0.969140	0.986573	-0.017434	0.966923	0.984397	0.995007	0.984510	1.002220
8.699970	0.993837	0.984978	0.008859	0.995946	0.987090	0.995869	1.006846	0.997871
8.736350	1.001421	0.993695	0.007726	0.997806	0.990125	0.996840	1.011420	1.003617
8.772742	0.991355	0.989040	0.002315	0.995764	0.993424	0.997896	0.997930	0.995600
8.809133	0.995775	0.996983	-0.001208	0.995680	0.996898	0.999007	0.998887	1.000098
8.845535	0.992682	0.999224	-0.006542	0.993900	1.000455	1.000146	0.992243	0.998782
8.881915	1.011519	1.000843	0.010676	1.014657	1.003998	1.001279	1.007503	0.996869
8.918317	1.003798	1.001424	0.002374	1.009767	1.007437	1.002380	0.996400	0.994043
8.954686	1.007930	1.005135	0.002795	1.013411	1.010676	1.003416	0.997295	0.994529
8.991100	1.008750	1.007593	0.001156	1.014710	1.013633	1.004363	0.995192	0.994051
9.027469	1.006390	1.010478	-0.004087	1.012044	1.016225	1.005192	0.990331	0.994353
9.063884	1.008258	1.007508	0.000750	1.018954	1.018387	1.005884	0.990060	0.989324
9.100273	1.000998	1.016719	-0.015721	1.004274	1.020059	1.006419	0.981319	0.996731
9.136654	1.001135	1.008467	-0.007333	1.013622	1.021197	1.006783	0.980358	0.987538
9.173045	1.028450	1.019432	0.009018	1.030740	1.021770	1.006967	1.006538	0.997712
9.209436	1.016876	1.015467	0.001409	1.023049	1.021765	1.006965	0.995214	0.993835
9.245816	1.010108	1.018451	-0.008343	1.012789	1.021180	1.006778	0.989154	0.997325
9.282241	1.021930	1.014746	0.007184	1.027126	1.020031	1.006410	1.001857	0.994814
9.318609	1.040180	1.015227	0.024953	1.043257	1.018350	1.005872	1.021430	0.996927
9.355000	1.018026	1.014439	0.003587	1.019752	1.016180	1.005177	1.001808	0.998278
9.391403	1.032552	1.010900	0.021652	1.035204	1.013578	1.004345	1.018710	0.997348
9.431417	1.014658	1.010576	0.004082	1.014401	1.010304	1.003297	1.004299	1.000258
9.467818	1.004918	1.010179	-0.005260	1.001811	1.007035	1.002251	0.997886	1.003110
9.504199	1.008381	1.001227	0.007155	1.010739	1.003580	1.001146	1.004772	0.997643
9.540601	0.995808	0.997290	-0.001482	0.998564	1.000028	1.000009	0.995767	0.997249
9.576992	0.992611	0.992361	0.000250	0.996753	0.996477	0.998873	0.996108	0.995857
9.613395	0.998121	0.987769	0.010352	1.003428	0.993018	0.997766	1.005127	0.994702
9.649764	0.987721	0.982267	0.005454	0.995302	0.989748	0.996719	0.997940	0.992430
9.686156	0.984398	0.985727	-0.001329	0.985445	0.986749	0.995760	0.997607	0.998954
9.722579	0.970984	0.972313	-0.001329	0.982995	0.984100	0.994912	0.986663	0.988014
9.758948	0.997080	0.969602	0.027478	1.009616	0.981878	0.994201	1.015475	0.987490
9.795329	0.979405	0.970639	0.008766	0.989121	0.980138	0.993644	0.999247	0.990304
9.831753	0.972965	0.973678	-0.000713	0.978339	0.978924	0.993256	0.993909	0.994637
9.868122	0.979883	0.963027	0.016856	0.995502	0.978273	0.993047	1.001644	0.984414
9.904870	0.973552	0.970453	0.003098	0.981489	0.978202	0.993025	0.995246	0.992078
9.944527	0.962324	0.973620	-0.011296	0.967610	0.978789	0.993213	0.983180	0.994721
9.980929	0.971736	0.975557	-0.003820	0.976192	0.979919	0.993574	0.991655	0.995553
10.017309	0.975137	0.980803	-0.005667	0.975911	0.981581	0.994106	0.993441	0.999214
10.053712	0.984190	0.982565	0.001624	0.985364	0.983736	0.994795	1.000470	0.998818
10.090103	0.979516	0.985456	-0.005940	0.980386	0.986322	0.995623	0.993109	0.999132
10.128673	1.000032	0.990316	0.009716	0.999152	0.989459	0.996627	1.010697	1.000877
10.166542	0.984195	0.991902	-0.007707	0.985137	0.992847	0.997711	0.991298	0.999060
10.202911	1.000088	0.994041	0.006047	1.002337	0.996295	0.998814	1.003819	0.997750
10.239301	0.996701	0.997469	-0.000768	0.999061	0.999844	0.999950	0.996869	0.997637
10.275692	0.996698	0.996072	0.000625	1.004000	1.003397	1.001087	0.993335	0.992712
10.312084	0.993019	1.001653	-0.008634	0.998188	1.006860	1.002195	0.986265	0.994840
10.348842	1.007947	1.002923	0.005023	1.015125	1.010172	1.003255	0.997808	0.992836
10.388521	0.998305	1.010189	-0.011884	1.001504	1.013435	1.004299	0.985081	0.996807
10.424891	1.008642	1.006931	0.001711	1.017627	1.016055	1.005137	0.992713	0.991030
10.461293	1.001599	1.013276	-0.011677	1.006486	1.018249	1.005840	0.983655	0.995123
10.497673	1.013005	1.015947	-0.002941	1.016940	1.019957	1.006386	0.993190	0.996074
10.534075	1.001431	1.012080	-0.010649	1.010311	1.021134	1.006763	0.980708	0.991136
10.570456	1.021469	1.015111	0.006358	1.027973	1.021749	1.006960	0.999728	0.993505
10.606870	1.016853	1.011244	0.005609	1.027190	1.021784	1.006971	0.995173	0.989684
10.645794	1.012321	1.014065	-0.001745	1.019305	1.021181	1.006778	0.991321	0.993029
10.683295	1.017179	1.013907	0.003271	1.023157	1.019989	1.006397	0.997240	0.994033
10.719666	1.020810	1.010643	0.010167	1.028340	1.018293	1.005854	1.002465	0.992480
10.756068	1.020286	1.010808	0.009477	1.025517	1.016109	1.005155	1.004102	0.994775
10.796113	1.005031	1.008952	-0.003922	1.009254	1.013214	1.004228	0.991914	0.995785
10.832495	1.018385	1.005181	0.013204	1.023370	1.010211	1.003268	1.008081	0.995010
10.868908	1.008754	1.004530	0.004223	1.011156	1.006934	1.002219	1.001796	0.997602
10.905277	1.003008	1.001089	0.001920	1.005403	1.003476	1.001112	0.999521	0.997608
10.941689	1.006103	0.997079	0.009024	1.008953	0.999922	0.999975	1.006169	0.997144
10.978048	0.989906	0.992823	-0.002918	0.993479	0.996375	0.998840	0.993495	0.996423
11.014450	0.982763	0.989362	-0.006598	0.986367	0.992920	0.997734	0.989759	0.996404
11.050841	0.995012	0.988054	0.006958	0.996644	0.989655	0.996690	1.005402	0.998371
11.087234	0.981758	0.977485	0.004273	0.991075	0.986665	0.995733	0.995017	0.990686
11.123624	0.984311	0.978489	0.005822	0.989957	0.984030	0.994890	1.000277	0.994360
11.160015	0.975163	0.976802	-0.001639	0.980290	0.981820	0.994182	0.993212	0.994882
11.196396	0.978858	0.975717	0.003141	0.983328	0.980094	0.993630	0.998732	0.995528
11.232798	0.956530	0.973146	-0.016617	0.962415	0.978898	0.993247	0.977146	0.994121
11.269567	0.973985	0.967026	0.006959	0.985492	0.978259	0.993043	0.995628	0.988515
11.309224	0.966478	0.967620	-0.001143	0.977347	0.978233	0.993035	0.987983	0.989152
11.345615	0.970180	0.967664	0.002516	0.981591	0.978815	0.993221	0.991181	0.988611
11.382018	0.966439	0.971902	-0.005463	0.974675	0.979961	0.993587	0.986207	0.991781
11.418386	0.962557	0.974963	-0.012406	0.969363	0.981638	0.994124	0.980568	0.993206
11.454801	0.959216	0.969961	-0.010745	0.973309	0.983807	0.994818	0.975012	0.985934
11.491158	0.974339	0.976622	-0.002283	0.984259	0.986403	0.995649	0.987779	0.990094
11.527583	0.984847	0.984538	0.000310	0.989720	0.989366	0.996597	0.995444	0.995131
11.565418	0.984620	0.988556	-0.003936	0.988834	0.992743	0.997678	0.991830	0.995795
11.603999	0.984752	0.993523	-0.008772	0.987630	0.996400	0.998848	0.988322	0.997125
11.640389	0.986790	0.995357	-0.008566	0.991382	0.999951	0.999984	0.986852	0.995418
11.676792	1.007977	1.000935	0.007042	1.010527	1.003504	1.001121	1.004470	0.997453
11.713183	1.001326	1.003209	-0.001884	1.005040	1.006962	1.002228	0.994414	0.996285
11.749575	1.009797	1.007669	0.002127	1.012327	1.010236	1.003275	0.999577	0.997471
11.785977	1.008933	1.006642	0.002292	1.015436	1.013237	1.004236	0.995762	0.993501
11.822346	1.007625	1.010777	-0.003152	1.012651	1.015884	1.005083	0.991879	0.994981
11.858737	1.008193	1.015407	-0.007214	1.010838	1.018110	1.005795	0.990266	0.997352
11.895129	1.018978	1.010341	0.008637	1.028315	1.019854	1.006353	0.999146	0.990677
11.931520	1.008205	1.009857	-0.001653	1.019201	1.021070	1.006742	0.987404	0.989023
11.967934	1.009479	1.019672	-0.010193	1.011479	1.021725	1.006952	0.988017	0.997993
12.004324	1.005455	1.019704	-0.014248	1.007513	1.021801	1.006976	0.984003	0.997947
12.040715	1.003272	1.013910	-0.010638	1.010522	1.021297	1.006815	0.982349	0.992765
12.077085	1.006761	1.009282	-0.002521	1.017515	1.020227	1.006473	0.986797	0.989268
12.113487	0.999496	1.008275	-0.008779	1.009663	1.018617	1.005957	0.981222	0.989841
12.149866	0.988682	1.009731	-0.021049	0.995375	1.016513	1.005284	0.972613	0.993320
12.186270	0.980656	1.008286	-0.027630	0.986272	1.013969	1.004470	0.967137	0.994386
12.222672	1.008038	0.995769	0.012270	1.023197	1.011052	1.003537	0.997009	0.984873
12.259051	0.995873	0.994237	0.001635	1.009411	1.007843	1.002510	0.988111	0.986489
12.297631	1.002715	0.998349	0.004366	1.008578	1.004214	1.001348	0.998495	0.994148
12.335467	0.993949	0.992305	0.001643	1.002200	1.000532	1.000170	0.993408	0.991765
12.371859	0.991432	0.995952	-0.004519	0.992475	0.996974	0.999032	0.994429	0.998962
12.408249	0.997658	0.987866	0.009791	1.003338	0.993498	0.997919	1.004175	0.994319
12.444641	0.985820	0.983321	0.002499	0.992761	0.990194	0.996862	0.995571	0.993048
12.481032	0.990702	0.983601	0.007101	0.994271	0.987151	0.995888	1.003586	0.996393
12.517446	0.978472	0.978118	0.000354	0.984921	0.984449	0.995024	0.993919	0.993560
12.553837	0.972944	0.976920	-0.003976	0.978289	0.982163	0.994292	0.990606	0.994655
12.590206	0.975110	0.975264	-0.000153	0.980315	0.980352	0.993713	0.994648	0.994804
12.626597	0.968458	0.971420	-0.002962	0.976281	0.979062	0.993300	0.989165	0.992190
12.662989	0.957113	0.971073	-0.013960	0.964528	0.978330	0.993066	0.978310	0.992580
12.699390	0.954773	0.968807	-0.014034	0.964349	0.978175	0.993016	0.976076	0.990423
12.735804	0.962402	0.975973	-0.013571	0.965090	0.978602	0.993153	0.983448	0.997316
12.772161	0.972483	0.972903	-0.000421	0.979324	0.979596	0.993471	0.992742	0.993172
12.808564	0.964672	0.973782	-0.009111	0.972165	0.981135	0.993963	0.983226	0.992512
12.844966	0.959799	0.970246	-0.010447	0.972960	0.983176	0.994616	0.976230	0.986856
12.881335	0.968898	0.971784	-0.002886	0.982996	0.985663	0.995412	0.983000	0.985928
12.917737	0.979475	0.983211	-0.003736	0.984859	0.988534	0.996331	0.990846	0.994626
12.954141	0.976476	0.978912	-0.002436	0.989396	0.991710	0.997347	0.984650	0.987107
12.990542	0.963012	0.984982	-0.021971	0.973193	0.995107	0.998434	0.967759	0.989838
13.026912	0.988074	0.997333	-0.009260	0.989365	0.998631	0.999562	0.989441	0.998714
13.063302	0.989448	0.989660	-0.000212	1.001957	1.002193	1.000702	0.987296	0.987507
13.099706	0.988911	1.005003	-0.016092	0.989580	1.005698	1.001823	0.983320	0.999321
13.136073	0.996958	1.008797	-0.011839	0.997194	1.009049	1.002896	0.988030	0.999762
13.172464	1.000749	1.005547	-0.004799	1.007260	1.012160	1.003891	0.988736	0.993477
13.208857	1.003965	1.014521	-0.010556	1.004365	1.014948	1.004784	0.989188	0.999588
13.245248	1.020394	1.016064	0.004330	1.021643	1.017339	1.005548	1.003011	0.998755
13.281638	1.020080	1.017959	0.002121	1.021356	1.019267	1.006166	1.000804	0.998722
13.318030	1.005999	1.011799	-0.005800	1.014695	1.020683	1.006619	0.985618	0.991301
13.354432	1.015826	1.011463	0.004363	1.025706	1.021549	1.006896	0.994401	0.990129
13.390822	1.014792	1.007747	0.007045	1.028600	1.021840	1.006989	0.993102	0.986208
13.427204	1.008135	1.012054	-0.003919	1.017431	1.021551	1.006896	0.986865	0.990702
13.466149	1.014134	1.010067	0.004067	1.024479	1.020607	1.006594	0.993654	0.989670
13.503641	0.994710	1.001550	-0.006841	1.011977	1.019104	1.006113	0.976058	0.982770
13.540010	1.002916	1.003210	-0.000294	1.016621	1.017129	1.005481	0.986019	0.986308
13.576424	1.021672	1.004930	0.016742	1.031325	1.014697	1.004703	1.006865	0.990366
13.612793	0.996934	0.996013	0.000921	1.012653	1.011876	1.003800	0.985224	0.984314
13.649206	0.990442	0.989493	0.000949	1.009569	1.008736	1.002795	0.981854	0.980913
13.685587	0.999082	0.993681	0.005402	1.010740	1.005365	1.001717	0.993738	0.988365
13.721977	1.001440	0.989611	0.011829	1.013694	1.001852	1.000593	0.999576	0.987769
13.758357	0.990894	0.984906	0.005988	1.004340	0.998290	0.999453	0.992579	0.986581
13.803857	0.985850	0.989493	-0.003643	0.990307	0.993910	0.998051	0.991879	0.995544
14.066367	1.003356	0.992456	0.010900	1.003952	0.978292	0.993053	1.010375	0.999398
14.102736	0.989926	0.992819	-0.002893	0.990123	0.978190	0.993021	0.996884	0.999797
14.139505	0.996456	0.991235	0.005220	0.998412	0.978677	0.993177	1.003302	0.998046
14.179164	0.988103	0.990560	-0.002457	0.991122	0.979851	0.993552	0.994517	0.996989
14.215576	1.006095	0.991671	0.014424	1.008517	0.981491	0.994077	1.012092	0.997581
14.254134	0.998058	0.995823	0.002236	0.997033	0.983763	0.994804	1.003274	1.001026
14.291982	0.988349	0.994569	-0.006220	0.989453	0.986466	0.995669	0.992651	0.998899
14.328406	0.998985	0.993983	0.005003	1.001637	0.989437	0.996620	1.002377	0.997358
14.364776	0.996413	0.997764	-0.001351	0.996307	0.992683	0.997659	0.998756	1.000110
14.401155	0.994238	0.996036	-0.001798	0.996974	0.996126	0.998760	0.995476	0.997276
14.437547	0.999275	0.997996	0.001279	1.001176	0.999672	0.999895	0.999384	0.998104
14.473949	1.003622	0.998547	0.005075	1.006101	1.003228	1.001033	1.002590	0.997521
14.510341	1.006730	1.000650	0.006079	1.008216	1.006698	1.002143	1.004580	0.998514
14.546721	1.002477	0.998732	0.003745	1.006910	1.009988	1.003196	0.999287	0.995553
14.583122	1.000017	1.002607	-0.002590	1.001559	1.013014	1.004164	0.995873	0.998452
14.619514	1.002664	1.003075	-0.000411	1.004588	1.015693	1.005022	0.997657	0.998066
14.655894	1.000969	1.006256	-0.005288	1.000456	1.017953	1.005745	0.995253	1.000511
14.692285	1.012450	1.007502	0.004948	1.011269	1.019737	1.006316	1.006097	1.001181
14.728686	0.997358	1.005608	-0.008250	0.998466	1.020995	1.006718	0.990703	0.998898
14.765100	1.010078	1.006095	0.003984	1.010920	1.021694	1.006942	1.003115	0.999159
14.801481	1.008132	1.007854	0.000279	1.007267	1.021816	1.006981	1.001143	1.000866
14.837861	1.014779	1.007211	0.007568	1.014405	1.021357	1.006834	1.007890	1.000373
14.874252	1.000247	1.006702	-0.006455	1.000056	1.020330	1.006505	0.993780	1.000194
14.913199	0.996766	1.004984	-0.008217	0.997746	1.018632	1.005962	0.990857	0.999025
14.950679	1.005199	1.005535	-0.000335	1.004939	1.016461	1.005268	0.999930	1.000263
14.989238	1.003421	1.004867	-0.001445	1.002959	1.013744	1.004398	0.999025	1.000464
15.027106	0.991743	1.002255	-0.010512	0.992910	1.010675	1.003416	0.988363	0.998839
15.063475	0.993706	1.000986	-0.007281	0.995102	1.007437	1.002380	0.991343	0.998606
15.099877	0.999510	1.001330	-0.001819	0.999467	1.003998	1.001279	0.998230	1.000046
15.136291	0.986269	0.998579	-0.012310	0.987840	1.000451	1.000144	0.986123	0.998431
15.172671	0.999255	0.999811	-0.000556	0.998455	0.996895	0.999007	1.000245	1.000802
15.209052	0.998078	0.998198	-0.000121	0.997780	0.993423	0.997895	1.000179	1.000300
15.245476	0.990198	0.996417	-0.006219	0.990627	0.990121	0.996839	0.993335	0.999573
15.281844	0.981974	0.992344	-0.010370	0.985519	0.987087	0.995868	0.986045	0.996458
15.318235	0.998427	0.996533	0.001894	0.996878	0.984395	0.995006	1.003435	1.001532
15.354637	0.990247	0.993456	-0.003209	0.991048	0.982117	0.994278	0.995943	0.999171
15.391397	0.978806	0.993911	-0.015105	0.978580	0.980301	0.993696	0.985014	1.000214
15.431066	0.977121	0.991453	-0.014332	0.978918	0.978942	0.993261	0.983748	0.998178
15.467467	0.996731	0.994950	0.001781	0.994814	0.978280	0.993050	1.003706	1.001913
15.503826	0.992636	0.993652	-0.001015	0.992003	0.978196	0.993023	0.999611	1.000633
15.540250	0.998645	0.994121	0.004524	0.997694	0.978693	0.993182	1.005502	1.000947
15.576608	0.996263	0.994556	0.001707	0.995223	0.979756	0.993522	1.002761	1.001042
15.615565	0.996255	0.989076	0.007179	1.001289	0.981490	0.994077	1.002194	0.994971
15.653069	0.995336	0.993984	0.001352	0.996141	0.983694	0.994782	1.000559	0.999200
15.689448	0.999921	0.996509	0.003412	0.999011	0.986272	0.995607	1.004336	1.000909
15.725818	0.999136	0.997164	0.001972	0.998516	0.989215	0.996549	1.002599	1.000620
15.762208	0.992632	0.997696	-0.005064	0.992518	0.992447	0.997583	0.995041	1.000117
15.798622	1.008808	0.997882	0.010926	1.009610	0.995882	0.998682	1.010143	0.999203
15.835002	1.010641	1.000332	0.010308	1.010121	0.999423	0.999815	1.010831	1.000521
15.871382	1.004269	1.002184	0.002085	1.003028	1.002979	1.000953	1.003317	1.001233
15.907796	1.006920	1.002066	0.004854	1.006919	1.006460	1.002067	1.004847	1.000003
15.944187	1.013132	1.003879	0.009253	1.012374	1.009766	1.003125	1.009979	1.000755
15.980577	1.003984	1.004463	-0.000479	1.003620	1.012813	1.004100	0.999888	1.000365
16.018059	1.003445	1.002021	0.001424	1.006401	1.015593	1.004990	0.998465	0.997049
16.056984	1.006571	1.006735	-0.000164	1.005605	1.018014	1.005764	1.000804	1.000968
16.093374	1.008474	1.008136	0.000337	1.006663	1.019782	1.006330	1.002132	1.001797
16.129766	1.023368	1.006922	0.016446	1.023172	1.021024	1.006728	1.016531	1.000195
16.166157	1.006688	1.006665	0.000023	1.006959	1.021706	1.006946	0.999745	0.999722
16.202536	1.013552	1.007587	0.005966	1.012941	1.021811	1.006979	1.006527	1.000603
16.242584	1.007629	1.010209	-0.002580	1.004245	1.021255	1.006802	1.000821	1.003383
16.278986	1.002197	1.005620	-0.003423	1.003020	1.020156	1.006450	0.995773	0.999174
16.315376	1.007475	1.006591	0.000884	1.006816	1.018520	1.005926	1.001537	1.000658
16.351757	1.007730	1.006236	0.001494	1.006748	1.016392	1.005245	1.002469	1.000983
16.388138	0.995674	1.004004	-0.008329	0.996098	1.013827	1.004425	0.991285	0.999578
16.424528	1.002233	1.004794	-0.002561	1.000933	1.010895	1.003486	0.998748	1.001300
16.464209	1.000834	1.001592	-0.000759	1.001604	1.007369	1.002358	0.998475	0.999232
16.500956	1.002856	1.002779	0.000077	1.001329	1.003894	1.001246	1.001604	1.001527
16.537369	0.999962	1.001754	-0.001792	0.998323	1.000345	1.000111	0.999847	1.001639
16.573750	1.002919	0.999448	0.003471	1.002449	0.996791	0.998973	1.003946	1.000471
16.610117	0.997875	0.998649	-0.000775	0.997092	0.993323	0.997863	1.000008	1.000784
16.646521	0.990042	0.994135	-0.004093	0.992737	0.990030	0.996809	0.993207	0.997313
16.682911	1.002084	0.996351	0.005733	1.001577	0.987003	0.995841	1.006266	1.000509
16.719315	0.993452	0.993863	-0.000411	0.994585	0.984321	0.994983	0.998458	0.998871
16.755693	0.997768	0.993088	0.004681	0.998955	0.982058	0.994259	1.003528	0.998820
16.792107	0.996136	0.991213	0.004923	0.998636	0.980271	0.993687	1.002463	0.997509
16.828476	0.990056	0.992522	-0.002467	0.990827	0.979011	0.993283	0.996749	0.999232
16.864868	0.979394	0.992445	-0.013051	0.980010	0.978308	0.993059	0.986239	0.999381
16.901247	0.994550	0.994422	0.000128	0.993134	0.978183	0.993019	1.001542	1.001413
16.937660	0.982448	0.992417	-0.009970	0.983192	0.978639	0.993164	0.989210	0.999249
16.975130	0.999064	0.994446	0.004618	0.998109	0.979702	0.993505	1.005597	1.000949
17.014065	0.982967	0.992140	-0.009174	0.984882	0.981412	0.994052	0.988850	0.998079
17.050468	0.999955	0.996389	0.003566	0.998280	0.983525	0.994728	1.005257	1.001672
17.086847	1.001014	0.993275	0.007739	1.003294	0.986075	0.995544	1.005498	0.997724
17.123606	1.005826	0.996899	0.008926	1.005412	0.989027	0.996489	1.009373	1.000415
17.163286	0.998706	0.998389	0.000317	0.997928	0.992546	0.997615	1.001098	1.000780
17.199678	1.000679	1.000025	0.000654	0.999362	0.995983	0.998715	1.001971	1.001316
17.236057	1.004215	0.999362	0.004853	1.004700	0.999526	0.999848	1.004372	0.999518
17.272449	1.005369	1.001420	0.003949	1.004932	1.003083	1.000987	1.004382	1.000437
17.308840	1.012632	1.000228	0.012404	1.014501	1.006558	1.002098	1.010516	0.998137
17.345232	1.001618	1.003314	-0.001695	1.001457	1.009858	1.003155	0.998472	1.000162
17.381611	1.007356	1.005020	0.002336	1.006463	1.012895	1.004126	1.003220	1.000894
17.418015	1.002711	1.004957	-0.002246	1.002743	1.015590	1.004989	0.997737	0.999971
17.454405	0.999920	1.003643	-0.003723	1.001989	1.017870	1.005718	0.994237	0.997939
17.490807	1.000279	1.005987	-0.005708	1.000588	1.019674	1.006296	0.994023	0.999696
17.527176	1.008595	1.005640	0.002955	1.009659	1.020954	1.006705	1.001878	0.998943
17.563589	1.015056	1.006899	0.008156	1.015095	1.021677	1.006937	1.008064	0.999964
17.599993	1.005198	1.005637	-0.000439	1.006537	1.021822	1.006983	0.998227	0.998663
17.636360	1.003563	1.006303	-0.002740	1.004100	1.021387	1.006844	0.996740	0.999462
17.672764	1.009538	1.004477	0.005062	1.011554	1.020383	1.006522	1.002995	0.997966
17.709154	1.004082	1.005575	-0.001493	1.004523	1.018836	1.006027	0.998064	0.999548
17.745535	1.005695	1.006882	-0.001187	1.004197	1.016788	1.005372	1.000318	1.001499
17.781960	0.998518	1.005418	-0.006900	0.997679	1.014291	1.004573	0.993970	1.000838
17.818350	1.006040	1.003682	0.002357	1.006014	1.011415	1.003653	1.002375	1.000026
17.854708	1.001627	1.002974	-0.001346	1.001297	1.008239	1.002636	0.998990	1.000333
17.891121	0.997036	1.001696	-0.004660	0.996894	1.004838	1.001548	0.995491	1.000144
17.927513	1.000519	1.000515	0.000004	1.000430	1.001311	1.000419	1.000095	1.000092
17.963894	0.996539	1.000810	-0.004271	0.995012	0.997749	0.999280	0.997253	1.001527
18.000273	1.003701	0.999327	0.004375	1.002531	0.994248	0.998159	1.005548	1.001166
18.036697	0.991106	0.994917	-0.003811	0.993295	0.990896	0.997087	0.993998	0.997820
18.073090	0.991007	0.996169	-0.005162	0.990936	0.987789	0.996092	0.994891	1.000074
18.109468	0.994410	0.996010	-0.001601	0.993601	0.985008	0.995203	0.999200	1.000809
18.145870	0.994725	0.995724	-0.000999	0.993438	0.982624	0.994440	1.000285	1.001289
18.182251	0.999912	0.994426	0.005486	0.999311	0.980705	0.993825	1.006122	1.000602
18.218630	0.995233	0.994578	0.000655	0.994025	0.979298	0.993375	1.001869	1.001209
18.255022	0.991953	0.994125	-0.002172	0.990919	0.978442	0.993101	0.998843	1.001030
18.291426	0.988016	0.992670	-0.004653	0.988363	0.978160	0.993011	0.994970	0.999656
18.327793	0.987552	0.993004	-0.005452	0.987649	0.978458	0.993107	0.994408	0.999898
18.364185	0.993583	0.993658	-0.000075	0.993307	0.979330	0.993386	1.000200	1.000275
18.400599	1.002709	0.993622	0.009086	1.002913	0.980754	0.993841	1.008924	0.999782
18.436979	0.999932	0.995243	0.004689	0.999125	0.982688	0.994460	1.005504	1.000789
18.473381	0.991160	0.994670	-0.003510	0.991688	0.985084	0.995227	0.995916	0.999443
18.509762	0.991738	0.997670	-0.005932	0.990173	0.987876	0.996120	0.995604	1.001559
18.546152	1.007705	0.998811	0.008894	1.006004	0.990991	0.997117	1.010622	1.001703
18.582542	1.005208	1.000097	0.005112	1.003296	0.994346	0.998191	1.007034	1.001913
18.618935	1.000078	0.999549	0.000529	0.999839	0.997851	0.999312	1.000770	1.000241
18.655327	1.010821	1.000629	0.010192	1.010635	1.001414	1.000453	1.010368	1.000180
18.691738	1.009917	1.003482	0.006436	1.008018	1.004941	1.001581	1.008327	1.001902
18.728119	1.010061	1.003229	0.006832	1.009498	1.008333	1.002667	1.007379	1.000564
18.764523	1.005340	1.004451	0.000888	1.004570	1.011506	1.003682	1.001655	1.000770
18.800913	1.007588	1.005239	0.002349	1.006948	1.014371	1.004599	1.002978	1.000641
18.838781	0.997212	1.006340	-0.009128	0.996298	1.016946	1.005423	0.991837	1.000915
18.877340	0.999980	1.006952	-0.006972	0.999133	1.019065	1.006101	0.993918	1.000848
18.913731	1.009396	1.007136	0.002260	1.008837	1.020544	1.006574	1.002805	1.000559
18.951212	1.015437	1.007693	0.007743	1.014624	1.021495	1.006878	1.008501	1.000810
18.990147	1.000976	1.006974	-0.005998	1.000994	1.021840	1.006989	0.994029	0.999986
19.026527	1.005005	1.006416	-0.001411	1.005490	1.021562	1.006900	0.998118	0.999519
19.062929	1.015810	1.007543	0.008267	1.014895	1.020709	1.006627	1.009122	1.000909
19.099342	1.003716	1.006992	-0.003276	1.002906	1.019304	1.006177	0.997552	1.000808
19.135723	1.000588	1.006694	-0.006106	0.999461	1.017387	1.005564	0.995049	1.001122
19.172092	1.006217	1.004338	0.001879	1.006686	1.015008	1.004802	1.001404	0.999535
19.208517	0.999705	1.004312	-0.004607	0.999312	1.012225	1.003912	0.995806	1.000395
19.244875	0.993551	1.003266	-0.009714	0.993211	1.009123	1.002919	0.990656	1.000342
19.281277	1.006275	1.003736	0.002540	1.004390	1.005774	1.001848	1.004416	1.001881
19.317678	1.006111	1.002264	0.003847	1.004572	1.002271	1.000727	1.005376	1.001532
19.354069	0.989217	0.998819	-0.009601	0.989991	0.998709	0.999587	0.989622	0.999228
19.390461	1.001828	0.999468	0.002359	1.000821	0.995181	0.998458	1.003371	1.001008
19.426853	0.987856	0.999135	-0.011279	0.986092	0.991781	0.997370	0.990457	1.001766
19.463243	0.994276	0.998528	-0.004251	0.992099	0.988601	0.996352	0.997913	1.002180
19.499634	0.993077	0.996684	-0.003607	0.991824	0.985723	0.995431	0.997632	1.001255
19.536015	0.993854	0.995724	-0.001870	0.992760	0.983226	0.994632	0.999215	1.001095
19.572405	0.989765	0.995047	-0.005282	0.988691	0.981175	0.993976	0.995762	1.001075
19.608797	0.999285	0.994285	0.005000	0.998477	0.979625	0.993480	1.005841	1.000808
19.645189	0.986031	0.993706	-0.007674	0.985480	0.978617	0.993158	0.992824	1.000551
19.681580	0.991570	0.993554	-0.001984	0.991029	0.978179	0.993017	0.998542	1.000540
19.717981	0.996378	0.992569	0.003809	0.996879	0.978321	0.993063	1.003339	0.999503
19.754362	0.990551	0.990849	-0.000298	0.993017	0.979040	0.993293	0.997241	0.997541
19.790787	0.996115	0.993758	0.002357	0.996060	0.980318	0.993702	1.002431	1.000059
19.827145	0.996393	0.993191	0.003202	0.997489	0.982117	0.994278	1.002130	0.998910
19.863537	0.999239	0.991311	0.007928	1.002949	0.984394	0.995006	1.004257	0.996289
19.899939	0.993308	0.995454	-0.002146	0.993719	0.987087	0.995868	0.997433	0.999588
19.936329	0.995330	0.994996	0.000334	0.997168	0.990123	0.996839	0.998489	0.998155
19.972721	1.001983	0.995770	0.006213	1.004096	0.993422	0.997895	1.004100	0.997874
20.009834	1.001687	0.996303	0.005385	1.004400	0.996966	0.999029	1.002665	0.997275
20.049137	1.008903	1.000220	0.008683	1.008940	1.000808	1.000259	1.008646	0.999965
20.085527	1.002514	1.000903	0.001612	1.003000	1.004346	1.001391	1.001126	0.999517
20.121920	1.002927	1.001730	0.001197	1.003671	1.007769	1.002486	1.000443	0.999250
20.158321	1.004734	1.004338	0.000396	1.003911	1.010985	1.003515	1.001218	1.000824
20.194691	1.001670	1.004506	-0.002836	1.001612	1.013906	1.004450	0.997235	1.000058
20.231092	1.009892	1.005960	0.003932	1.009200	1.016460	1.005267	1.004603	1.000691
20.267473	1.007810	1.007213	0.000597	1.006546	1.018575	1.005944	1.001857	1.001263
20.303886	1.008703	1.007377	0.001327	1.007795	1.020197	1.006463	1.002228	1.000910
20.340254	1.003736	1.003659	0.000077	1.006874	1.021279	1.006809	0.996949	0.996873
20.377747	0.998244	1.005943	-0.007699	0.999275	1.021803	1.006977	0.991328	0.998973
20.416681	1.003899	1.008258	-0.004359	1.002585	1.021694	1.006942	0.996977	1.001306
20.453085	1.003754	1.006536	-0.002782	1.003939	1.020995	1.006719	0.997054	0.999817
20.489454	1.005172	1.003834	0.001339	1.007650	1.019738	1.006316	0.998862	0.997531
20.528412	1.001317	1.004469	-0.003152	1.002550	1.017811	1.005700	0.995640	0.998775
20.565903	1.000542	1.004924	-0.004382	1.000565	1.015443	1.004942	0.995619	0.999980
20.602270	0.992685	1.001618	-0.008933	0.995144	1.012728	1.004073	0.988655	0.997552
20.638674	1.005583	1.003733	0.001851	1.004952	1.009672	1.003095	1.002477	1.000632
20.675066	1.007066	1.002469	0.004597	1.006636	1.006359	1.002035	1.005017	1.000430
20.711445	0.997091	0.998993	-0.001902	0.999020	1.002878	1.000921	0.996170	0.998070
20.747858	0.998969	1.001413	-0.002444	0.997342	0.999317	0.999781	0.999183	1.001628
20.784262	0.992715	0.999173	-0.006457	0.992188	0.995776	0.998648	0.994055	1.000521
20.820652	1.005250	0.997330	0.007919	1.005474	0.992348	0.997551	1.007713	0.999775
20.857056	0.999511	0.997522	0.001989	0.998508	0.989122	0.996519	1.002999	1.001002
20.904964	0.991598	0.995759	-0.004161	0.991148	0.985332	0.995306	0.996271	1.000452
