0.297153	0.988580	0.987157	0.001423	1.002380	1.000986	1.000788	0.987609	0.986187
0.333545	0.987026	0.986139	0.000887	1.001635	1.000768	1.000614	0.986271	0.985385
0.369957	0.984731	0.987535	-0.002804	0.997727	1.000547	1.000437	0.984195	0.986998
0.407793	0.985649	0.991481	-0.005832	0.994474	1.000314	1.000252	0.985341	0.991172
0.446384	0.988401	0.991097	-0.002696	0.997361	1.000076	1.000061	0.988328	0.991024
0.482752	0.986530	0.988647	-0.002118	0.997731	0.999851	0.999881	0.986679	0.988797
0.519165	0.987135	0.986470	0.000665	1.000287	0.999626	0.999701	0.987506	0.986841
0.555523	0.981500	0.987169	-0.005669	0.993739	0.999403	0.999523	0.982087	0.987760
0.591925	0.984349	0.984415	-0.000065	0.999124	0.999183	0.999346	0.985155	0.985221
0.628327	0.983541	0.979591	0.003950	1.002935	0.998966	0.999173	0.984560	0.980606
0.664717	0.985230	0.982026	0.003204	1.001976	0.998754	0.999003	0.986460	0.983252
0.701097	0.984369	0.986123	-0.001755	0.996813	0.998547	0.998837	0.985801	0.987559
0.737489	0.990812	0.989476	0.001337	0.999699	0.998346	0.998677	0.992453	0.991114
0.773879	0.991456	0.990281	0.001175	0.999339	0.998153	0.998522	0.993290	0.992113
0.810281	0.986365	0.990714	-0.004349	0.993629	0.997968	0.998374	0.988374	0.992731
0.846672	1.001732	0.993169	0.008564	1.006364	0.997791	0.998233	1.003949	0.995366
0.885607	0.997310	0.991764	0.005546	1.003172	0.997613	0.998091	0.999694	0.994135
0.923065	0.992198	0.991353	0.000845	0.998310	0.997453	0.997963	0.994729	0.993882
0.959478	0.987461	0.990435	-0.002974	0.994346	0.997309	0.997847	0.990124	0.993106
0.995847	1.001655	0.992768	0.008887	1.006074	0.997177	0.997741	1.004489	0.995576
1.032260	0.999245	0.993755	0.005490	1.002557	0.997057	0.997645	1.002192	0.996687
1.068651	0.990430	0.993703	-0.003273	0.993681	0.996949	0.997559	0.993459	0.996741
1.105052	0.990817	0.989878	0.000939	0.997808	0.996855	0.997484	0.993940	0.992998
1.141410	0.993367	0.992196	0.001171	0.997957	0.996775	0.997420	0.996578	0.995403
1.177824	0.992456	0.989407	0.003049	0.999778	0.996709	0.997367	0.995730	0.992671
1.214203	0.990921	0.988827	0.002095	0.998775	0.996657	0.997326	0.994241	0.992140
1.250605	0.987624	0.986338	0.001286	0.997944	0.996620	0.997296	0.990970	0.989679
1.286996	0.992020	0.988666	0.003354	0.999989	0.996598	0.997278	0.995403	0.992038
1.323398	0.992797	0.990376	0.002421	0.999037	0.996590	0.997272	0.996190	0.993761
1.359766	0.989474	0.991678	-0.002204	0.994410	0.996598	0.997278	0.992848	0.995059
1.402713	0.995873	0.992104	0.003769	1.000410	0.996625	0.997300	0.999241	0.995459
1.439838	0.990610	0.993326	-0.002716	0.993962	0.996666	0.997333	0.993920	0.996645
1.476239	0.983024	0.994491	-0.011467	0.985264	0.996720	0.997376	0.986255	0.997759
1.512608	0.989104	0.994494	-0.005390	0.991410	0.996789	0.997431	0.992286	0.997693
1.548998	0.996559	0.994247	0.002312	0.999193	0.996872	0.997497	0.999682	0.997363
1.585400	0.989165	0.992877	-0.003712	0.993271	0.996968	0.997575	0.992169	0.995892
1.624692	0.988018	0.993107	-0.005090	0.992014	0.997087	0.997670	0.990900	0.996004
1.661816	0.995268	0.993344	0.001924	0.999147	0.997213	0.997771	0.998045	0.996116
1.698228	0.995177	0.993803	0.001374	0.998731	0.997349	0.997879	0.997818	0.996440
1.734597	0.988793	0.994152	-0.005359	0.992141	0.997497	0.997997	0.991270	0.996643
1.770989	0.995120	0.994611	0.000509	0.998168	0.997655	0.998124	0.997455	0.996945
1.807368	0.996285	0.994294	0.001991	0.999822	0.997823	0.998259	0.998455	0.996459
1.843770	0.992402	0.992784	-0.000381	0.997628	0.998002	0.998401	0.994386	0.994768
1.880161	0.993643	0.993352	0.000291	0.998490	0.998188	0.998551	0.995443	0.995151
1.916551	0.983405	0.987979	-0.004574	0.993831	0.998383	0.998706	0.984994	0.989576
1.952943	0.995740	0.989214	0.006526	1.005131	0.998585	0.998868	0.997148	0.990613
1.989344	0.991510	0.992719	-0.001208	0.997594	0.998793	0.999034	0.992706	0.993915
2.025735	0.988533	0.996652	-0.008119	0.990892	0.999006	0.999205	0.989514	0.997641
2.062126	0.990212	0.994119	-0.003907	0.995321	0.999224	0.999379	0.990978	0.994889
2.098506	0.998563	0.995697	0.002866	1.002314	0.999444	0.999556	0.999116	0.996249
2.134941	1.001493	0.995400	0.006093	1.005763	0.999668	0.999734	1.001823	0.995728
2.173877	0.996830	0.997312	-0.000482	0.999427	0.999909	0.999927	0.996919	0.997401
2.211346	0.990927	0.996228	-0.005301	0.994837	1.000141	1.000113	0.990787	0.996086
2.247747	0.993348	0.996227	-0.002879	0.997486	1.000365	1.000292	0.992984	0.995862
2.284149	0.995046	0.996924	-0.001878	0.998710	1.000588	1.000471	0.994460	0.996336
2.320551	0.994125	0.997968	-0.003842	0.996962	1.000809	1.000647	0.993321	0.997160
2.358375	0.996629	0.998345	-0.001716	0.999313	1.001034	1.000828	0.995598	0.997312
2.396966	0.997631	0.997375	0.000256	1.001511	1.001259	1.001008	0.996376	0.996120
2.433345	0.997534	0.994134	0.003400	1.004855	1.001466	1.001173	0.996074	0.992679
2.469737	0.992350	0.989322	0.003027	1.004665	1.001666	1.001333	0.990699	0.987677
2.506139	0.996862	0.992276	0.004586	1.006431	1.001859	1.001487	0.995013	0.990436
2.542529	0.991584	0.991896	-0.000312	1.001715	1.002043	1.001635	0.989563	0.989874
2.578920	0.997365	0.995389	0.001976	1.004185	1.002219	1.001776	0.995158	0.993186
2.615311	0.992113	0.997655	-0.005542	0.996835	1.002385	1.001908	0.989754	0.995282
2.651691	0.998503	0.997322	0.001181	1.003711	1.002541	1.002033	0.995973	0.994796
2.688093	1.001692	1.001064	0.000628	1.003311	1.002686	1.002149	0.999011	0.998384
2.724495	1.003238	1.001418	0.001819	1.004636	1.002819	1.002255	1.000420	0.998606
2.760875	0.994419	0.996240	-0.001821	1.001101	1.002939	1.002351	0.991507	0.993323
2.797277	1.002706	1.001535	0.001170	1.004211	1.003047	1.002437	0.999662	0.998495
2.833656	1.001245	0.999695	0.001549	1.004680	1.003141	1.002513	0.998112	0.996568
2.870036	1.003452	1.002834	0.000618	1.003837	1.003222	1.002578	1.000233	0.999617
2.906438	1.004847	1.002303	0.002543	1.005828	1.003289	1.002631	1.001556	0.999021
2.942828	0.997562	1.000307	-0.002745	1.000580	1.003341	1.002673	0.994244	0.996979
2.979208	0.997176	1.003061	-0.005885	0.997491	1.003379	1.002703	0.993822	0.999686
3.015600	1.003645	1.001535	0.002110	1.005501	1.003402	1.002721	1.000246	0.998143
3.051990	1.004278	1.003756	0.000522	1.003932	1.003410	1.002728	1.000869	1.000349
3.088392	0.998101	1.003765	-0.005664	0.997738	1.003403	1.002722	0.994720	1.000364
3.124772	1.002822	1.002721	0.000101	1.003477	1.003381	1.002705	0.999446	0.999346
3.161163	0.998315	1.001942	-0.003627	0.999713	1.003345	1.002676	0.994991	0.998606
3.197564	0.996225	1.001818	-0.005593	0.997693	1.003294	1.002635	0.992958	0.998533
3.233968	0.991283	0.996441	-0.005158	0.998047	1.003229	1.002583	0.988096	0.993238
3.270347	0.998832	0.998738	0.000094	1.003234	1.003149	1.002519	0.995701	0.995607
3.306748	1.001505	0.997818	0.003688	1.006725	1.003056	1.002445	0.998458	0.994782
3.343128	1.004464	0.999298	0.005166	1.008102	1.002949	1.002359	1.001514	0.996363
3.379519	0.994052	0.999376	-0.005324	0.997494	1.002830	1.002264	0.991251	0.996560
3.415899	0.997405	1.002730	-0.005324	0.997376	1.002698	1.002159	0.994725	1.000035
3.452289	0.991180	0.998892	-0.007712	0.994832	1.002555	1.002044	0.988658	0.996351
3.488680	0.995590	1.003784	-0.008194	0.994209	1.002400	1.001920	0.993211	1.001385
3.525071	1.000531	1.002135	-0.001604	1.000630	1.002235	1.001788	0.998304	0.999904
3.561473	0.993404	0.998827	-0.005423	0.996624	1.002060	1.001648	0.991365	0.996778
3.597864	0.995880	1.002545	-0.006665	0.995210	1.001876	1.001501	0.994019	1.000671
3.634266	1.003163	1.000231	0.002932	1.004609	1.001684	1.001347	1.001480	0.998553
3.670645	1.004375	1.000595	0.003780	1.005260	1.001484	1.001187	1.002890	0.999116
3.707025	1.000281	1.000907	-0.000626	1.000651	1.001278	1.001023	0.999007	0.999632
3.743428	0.995995	0.997873	-0.001878	0.999180	1.001067	1.000853	0.994937	0.996813
3.779851	1.000847	1.000058	0.000789	1.001634	1.000850	1.000680	1.000000	0.999211
3.818020	0.996875	1.000733	-0.003858	0.996759	1.000620	1.000496	0.996260	1.000116
3.856234	1.000581	0.999051	0.001530	1.001910	1.000386	1.000308	1.000198	0.998668
3.892625	0.998927	1.000797	-0.001870	0.998289	1.000161	1.000129	0.998768	1.000638
3.929015	1.001207	0.998416	0.002791	1.002724	0.999936	0.999949	1.001273	0.998482
3.965428	0.993252	0.998115	-0.004863	0.994846	0.999711	0.999768	0.993541	0.998405
4.001808	0.992584	0.995305	-0.002720	0.996763	0.999487	0.999590	0.993095	0.995817
4.038188	0.991581	0.993860	-0.002279	0.996986	0.999266	0.999412	0.992311	0.994592
4.074589	0.993834	0.994346	-0.000512	0.998542	0.999047	0.999238	0.994783	0.995295
4.110969	0.994294	0.996325	-0.002031	0.996809	0.998833	0.999067	0.995456	0.997489
4.147361	1.000874	0.996637	0.004237	1.002864	0.998624	0.998899	1.002253	0.998010
4.183752	0.997842	0.998763	-0.000921	0.997505	0.998421	0.998737	0.999420	1.000342
4.220142	1.004601	0.998125	0.006476	1.004705	0.998225	0.998580	1.006387	0.999899
4.256544	0.996363	0.999260	-0.002898	0.995139	0.998037	0.998429	0.998322	1.001225
4.292946	0.994929	0.997422	-0.002493	0.995366	0.997857	0.998285	0.997065	0.999563
4.329314	0.997745	0.997996	-0.000251	0.997436	0.997686	0.998149	1.000057	1.000309
4.365694	1.000952	0.998641	0.002310	0.999837	0.997526	0.998021	1.003433	1.001117
4.402107	0.999319	0.997077	0.002242	0.999620	0.997376	0.997901	1.001946	0.999698
4.438476	0.999020	0.996023	0.002996	1.000241	0.997238	0.997791	1.001784	0.998780
4.474901	0.997036	0.996678	0.000359	0.997474	0.997112	0.997690	0.999921	0.999562
4.511269	0.997334	0.996415	0.000919	0.997921	0.996999	0.997599	1.000334	0.999412
4.547671	0.998819	0.996338	0.002482	0.999383	0.996899	0.997519	1.001924	0.999435
4.584051	0.998960	0.997912	0.001048	0.997859	0.996812	0.997449	1.002152	1.001101
4.620452	1.000421	0.997593	0.002827	0.999567	0.996739	0.997391	1.003691	1.000854
4.656832	0.994769	0.996357	-0.001588	0.995098	0.996680	0.997344	0.998079	0.999672
4.693234	1.003395	0.997207	0.006188	1.002827	0.996636	0.997309	1.006778	1.000570
4.729615	0.993053	0.993124	-0.000071	0.996551	0.996607	0.997285	0.996431	0.996502
4.766026	0.995233	0.993993	0.001240	0.997847	0.996592	0.997274	0.998633	0.997388
4.802396	0.999087	0.997523	0.001564	0.998161	0.996592	0.997274	1.002500	1.000930
4.838798	0.994326	0.996628	-0.002302	0.994311	0.996607	0.997286	0.997707	1.000017
4.875199	0.995630	0.997735	-0.002105	0.994535	0.996637	0.997310	0.998986	1.001098
4.911568	0.995373	0.997786	-0.002414	0.994269	0.996682	0.997346	0.998682	1.001104
4.947981	1.003326	0.996952	0.006374	1.003118	0.996741	0.997393	1.006603	1.000208
4.984360	1.004023	0.996441	0.007582	1.004400	0.996814	0.997451	1.007228	0.999621
5.022930	0.997316	0.997849	-0.000533	0.996376	0.996907	0.997526	1.000406	1.000940
5.060776	1.006030	0.996474	0.009556	1.006573	0.997013	0.997610	1.009040	0.999455
5.097178	1.002114	0.996439	0.005674	1.002806	0.997128	0.997703	1.004996	0.999305
5.133558	0.994186	0.996718	-0.002532	0.994728	0.997256	0.997805	0.996918	0.999457
5.169960	1.001869	0.998623	0.003247	1.000643	0.997396	0.997916	1.004482	1.001227
5.206328	0.988929	0.997748	-0.008819	0.988730	0.997546	0.998037	0.991357	1.000198
5.244197	1.004604	0.996745	0.007859	1.005578	0.997715	0.998172	1.006901	0.999024
5.282789	0.991072	0.996295	-0.005223	0.992678	0.997898	0.998318	0.993156	0.998390
5.319180	0.998689	0.997937	0.000752	0.998834	0.998080	0.998464	1.000607	0.999854
5.358136	1.001652	0.996667	0.004985	1.003273	0.998284	0.998627	1.003371	0.998377
5.395605	1.000731	0.998652	0.002079	1.000572	0.998488	0.998790	1.002243	1.000162
5.431995	1.004283	0.999363	0.004920	1.003618	0.998693	0.998954	1.005594	1.000668
5.468376	1.001735	0.997685	0.004050	1.002960	0.998904	0.999123	1.002832	0.998777
5.504755	1.001685	1.002206	-0.000520	0.998601	0.999119	0.999295	1.002566	1.003086
5.541158	1.001721	0.998131	0.003590	1.002934	0.999339	0.999471	1.002381	0.998789
5.577549	0.997393	1.000362	-0.002969	0.996598	0.999561	0.999649	0.997829	1.000799
5.613950	0.995229	1.000718	-0.005489	0.994300	0.999785	0.999828	0.995441	1.000931
5.650685	0.996186	1.001228	-0.005042	0.994977	1.000013	1.000010	0.996172	1.001214
5.690365	1.003373	1.001821	0.001553	1.001815	1.000258	1.000206	1.003113	1.001561
5.726745	1.000815	1.001395	-0.000580	0.999904	1.000482	1.000386	1.000331	1.000911
5.764959	1.001273	1.001871	-0.000598	1.000118	1.000715	1.000572	1.000557	1.001154
5.803205	1.000910	1.002197	-0.001287	0.999661	1.000945	1.000756	0.999965	1.001251
5.839562	1.004885	1.002705	0.002180	1.003341	1.001159	1.000927	1.003721	1.001544
5.875965	0.997639	1.000862	-0.003223	0.998143	1.001368	1.001094	0.996276	0.999495
5.912344	0.997220	1.002562	-0.005342	0.996230	1.001571	1.001257	0.995656	1.000989
5.948735	1.005370	0.999180	0.006190	1.007949	1.001768	1.001414	1.003597	0.997418
5.985137	1.002775	1.000913	0.001862	1.003813	1.001956	1.001565	1.000818	0.998960
6.022606	1.001560	1.002452	-0.000892	1.001248	1.002142	1.001713	0.999420	1.000310
6.061585	1.004697	1.004144	0.000553	1.002880	1.002324	1.001859	1.002369	1.001817
6.097932	0.997026	1.001695	-0.004669	0.997810	1.002483	1.001987	0.994558	0.999215
6.134334	1.005063	1.004170	0.000893	1.003529	1.002632	1.002106	1.002426	1.001536
6.170714	1.004037	1.003689	0.000348	1.003121	1.002770	1.002216	1.001266	1.000919
6.207127	1.003598	1.006681	-0.003083	0.999824	1.002895	1.002316	1.000703	1.003777
6.243507	1.014086	1.007256	0.006831	1.009850	1.003008	1.002406	1.011048	1.004238
6.279909	1.002267	1.005734	-0.003467	0.999647	1.003107	1.002486	0.999165	1.002621
6.316299	1.007491	1.004304	0.003187	1.006380	1.003193	1.002555	1.004287	1.001110
6.352690	1.001599	1.006041	-0.004443	0.998829	1.003265	1.002612	0.998342	1.002770
6.389070	1.013440	1.006597	0.006843	1.010174	1.003323	1.002658	1.010086	1.003266
6.425461	1.006253	1.006586	-0.000333	1.003042	1.003366	1.002693	1.002880	1.003212
6.461852	1.006498	1.006077	0.000421	1.003822	1.003395	1.002716	1.003096	1.002677
6.498621	1.006382	1.003941	0.002440	1.005847	1.003408	1.002727	1.002967	1.000534
6.538256	1.001680	1.002745	-0.001065	1.002334	1.003406	1.002725	0.998284	0.999345
6.574669	1.005592	1.003258	0.002334	1.005717	1.003389	1.002711	1.002200	0.999874
6.611071	0.997682	1.003130	-0.005448	0.997902	1.003356	1.002685	0.994349	0.999779
6.647473	0.998629	1.002860	-0.004231	0.999071	1.003309	1.002648	0.995339	0.999556
6.683830	1.004573	1.005675	-0.001102	1.002150	1.003248	1.002599	1.001324	1.002423
6.720233	1.007450	1.006841	0.000609	1.003790	1.003173	1.002538	1.004268	1.003661
6.756623	1.005154	1.004808	0.000346	1.003434	1.003083	1.002466	1.002069	1.001724
6.793014	1.004111	1.006377	-0.002267	1.000722	1.002980	1.002384	1.001131	1.003391
6.829405	1.003067	1.005582	-0.002515	1.000355	1.002864	1.002291	1.000206	1.002714
6.865807	1.007566	1.006412	0.001154	1.003897	1.002736	1.002189	1.004821	1.003670
6.902198	1.007074	1.005918	0.001156	1.003759	1.002596	1.002076	1.004471	1.003318
6.938578	1.009084	1.006973	0.002110	1.004561	1.002444	1.001955	1.006627	1.004522
6.974979	1.005481	1.003930	0.001551	1.003832	1.002281	1.001825	1.003196	1.001649
7.011359	1.002476	1.003991	-0.001515	1.000594	1.002109	1.001687	1.000370	1.001881
7.047728	1.008142	1.002777	0.005365	1.007290	1.001928	1.001542	1.006206	1.000851
7.084163	1.003331	1.002580	0.000752	1.002487	1.001738	1.001390	1.001594	1.000844
7.120532	1.003226	1.002908	0.000318	1.001856	1.001540	1.001232	1.001686	1.001369
7.156945	1.003104	1.004650	-0.001546	0.999791	1.001336	1.001069	1.001769	1.003313
7.193292	1.005906	1.002630	0.003276	1.004400	1.001126	1.000901	1.004778	1.001505
7.229715	1.003665	1.003942	-0.000277	1.000632	1.000911	1.000729	1.002754	1.003031
7.266074	0.996356	1.000923	-0.004567	0.996122	1.000692	1.000554	0.995669	1.000234
7.302486	1.002097	1.001993	0.000104	1.000574	1.000470	1.000376	1.001629	1.001524
7.338855	0.999056	1.002835	-0.003779	0.996468	1.000246	1.000197	0.998812	1.002590
7.375268	1.004907	1.001820	0.003087	1.003108	1.000021	1.000017	1.004888	1.001801
7.411648	0.998481	1.001153	-0.002672	0.997124	0.999796	0.999837	0.998686	1.001359
7.448061	0.996331	1.004063	-0.007732	0.991840	0.999571	0.999657	0.996760	1.004495
7.484419	1.014213	1.002475	0.011738	1.011086	0.999349	0.999479	1.014875	1.003129
7.520832	1.008888	1.000642	0.008246	1.007375	0.999129	0.999303	1.009768	1.001514
7.557222	0.997777	1.000607	-0.002830	0.996082	0.998913	0.999131	0.998863	1.001696
7.593635	1.004161	1.001625	0.002536	1.001234	0.998702	0.998962	1.005466	1.002927
7.629993	1.001920	1.001816	0.000104	0.998596	0.998497	0.998798	1.003429	1.003324
7.666395	0.999136	1.002289	-0.003153	0.995139	0.998298	0.998639	1.000839	1.003997
7.702775	0.993185	1.001883	-0.008698	0.989402	0.998107	0.998486	0.995068	1.003782
7.739199	1.002178	1.000224	0.001954	0.999874	0.997924	0.998339	1.004262	1.002304
7.775557	0.998141	0.999309	-0.001168	0.996579	0.997750	0.998200	1.000391	1.001562
7.811958	0.993270	1.000023	-0.006753	0.990827	0.997585	0.998068	0.995673	1.002442
7.848350	0.993197	0.999809	-0.006612	0.990814	0.997432	0.997945	0.995753	1.002382
7.887662	1.006053	1.000498	0.005555	1.002825	0.997278	0.997823	1.008797	1.003227
7.924753	0.991877	0.998779	-0.006902	0.990241	0.997146	0.997717	0.994714	1.001636
7.961167	0.999270	0.998290	0.000980	0.998006	0.997029	0.997623	1.002245	1.001262
7.997546	0.994746	0.997917	-0.003171	0.993754	0.996925	0.997540	0.997812	1.000992
8.033937	0.995919	0.999025	-0.003106	0.993725	0.996835	0.997468	0.999078	1.002194
8.070329	0.999784	0.999232	0.000552	0.997306	0.996758	0.997406	1.003033	1.002480
8.106741	0.996490	1.000641	-0.004151	0.992536	0.996695	0.997356	0.999791	1.003955
8.143132	0.996531	1.001158	-0.004627	0.992010	0.996647	0.997318	0.999881	1.004523
8.179500	0.998490	0.999513	-0.001024	0.995586	0.996613	0.997291	1.001879	1.002906
8.215892	1.002685	1.002355	0.000329	0.996910	0.996595	0.997276	1.006107	1.005777
8.252293	0.999702	0.999717	-0.000015	0.996570	0.996591	0.997273	1.003118	1.003133
8.288672	1.006610	0.999486	0.007124	1.003719	0.996602	0.997281	1.010038	1.002890
8.325064	1.005263	1.000295	0.004968	1.001587	0.996628	0.997302	1.008661	1.003676
8.361444	0.996512	0.999337	-0.002825	0.993837	0.996668	0.997334	0.999839	1.002674
8.397845	1.000096	1.003173	-0.003077	0.993629	0.996723	0.997378	1.003380	1.006467
8.434237	0.995041	0.998152	-0.003111	0.993681	0.996792	0.997434	0.998239	1.001359
8.470650	1.000826	1.000598	0.000229	0.997096	0.996876	0.997501	1.003959	1.003729
8.507018	0.995893	1.000557	-0.004664	0.992302	0.996973	0.997578	0.998913	1.003591
8.543409	0.993191	0.996608	-0.003417	0.993669	0.997083	0.997667	0.996093	0.999520
8.579789	0.993703	0.998767	-0.005063	0.992141	0.997206	0.997765	0.996483	1.001561
8.616202	0.999040	0.998355	0.000685	0.998027	0.997341	0.997873	1.001699	1.001012
8.654048	0.996803	0.998606	-0.001803	0.995691	0.997494	0.997995	0.999303	1.001111
8.692629	0.998568	0.999955	-0.001387	0.996272	0.997662	0.998130	1.000904	1.002294
8.729030	0.993752	0.998928	-0.005176	0.992654	0.997831	0.998265	0.995908	1.001096
8.765400	1.001155	0.999443	0.001712	0.999720	0.998010	0.998408	1.003148	1.001433
8.801801	0.997368	0.998709	-0.001342	0.996853	0.998197	0.998558	0.999166	1.000510
8.838203	1.006393	0.999481	0.006912	1.005305	0.998392	0.998714	1.008011	1.001087
8.874594	0.996623	1.000584	-0.003961	0.994633	0.998594	0.998875	0.998023	1.001989
8.910974	1.005918	1.002125	0.003794	1.002596	0.998802	0.999042	1.007122	1.003323
8.947376	1.004952	0.999801	0.005151	1.004169	0.999016	0.999213	1.005939	1.000783
8.983766	1.002596	1.003131	-0.000535	0.998699	0.999233	0.999387	1.003362	1.003898
9.020144	0.997851	1.003379	-0.005527	0.993928	0.999454	0.999564	0.998393	1.003924
9.056537	1.001718	1.005543	-0.003825	0.995854	0.999678	0.999742	1.002038	1.005865
9.092939	1.005944	1.003437	0.002507	1.002412	0.999903	0.999922	1.006040	1.003533
9.129353	0.998067	1.000704	-0.002636	0.997493	1.000128	1.000103	0.997938	1.000574
9.165709	1.001921	1.001463	0.000458	1.000811	1.000353	1.000282	1.001566	1.001109
9.204667	0.997760	1.003012	-0.005252	0.995341	1.000592	1.000473	0.997169	1.002418
9.242136	0.999227	1.002604	-0.003377	0.997443	1.000819	1.000655	0.998409	1.001783
9.278516	1.007528	1.003326	0.004203	1.005240	1.001035	1.000828	1.006486	1.002287
9.314928	1.004867	1.003165	0.001702	1.002952	1.001248	1.000998	1.003615	1.001914
9.351320	0.998197	1.001409	-0.003211	0.998241	1.001454	1.001164	0.996747	0.999954
9.387699	1.006546	1.003154	0.003392	1.005048	1.001655	1.001324	1.004883	1.001497
9.424112	1.004004	1.002112	0.001891	1.003738	1.001848	1.001479	1.002152	1.000264
9.460482	1.002057	1.002559	-0.000501	1.001530	1.002033	1.001627	1.000025	1.000525
9.496872	1.003648	1.000515	0.003133	1.005335	1.002210	1.001768	1.001436	0.998310
9.533275	1.005077	1.004773	0.000304	1.002682	1.002376	1.001901	1.002696	1.002392
9.569664	1.006265	1.004817	0.001448	1.003983	1.002533	1.002026	1.003724	1.002280
9.606056	1.008394	1.006858	0.001536	1.004224	1.002678	1.002142	1.005702	1.004170
9.642447	1.005996	1.003588	0.002408	1.005219	1.002811	1.002249	1.003178	1.000777
9.678826	1.005591	1.005551	0.000040	1.002979	1.002933	1.002346	1.002653	1.002613
9.715206	1.009363	1.005085	0.004278	1.007327	1.003041	1.002433	1.006305	1.002040
9.751631	1.009423	1.006658	0.002764	1.005911	1.003136	1.002509	1.006269	1.003514
9.788021	1.008860	1.007080	0.001780	1.005008	1.003218	1.002574	1.005627	1.003853
9.824389	0.999710	1.006474	-0.006764	0.996529	1.003285	1.002628	0.996440	1.003181
9.860792	1.005659	1.004612	0.001047	1.004386	1.003338	1.002671	1.002316	1.001273
9.897182	1.002386	1.005641	-0.003255	1.000126	1.003377	1.002702	0.999016	1.002260
9.933574	1.006640	1.005131	0.001509	1.004911	1.003401	1.002721	1.003232	1.001728
9.969964	1.011540	1.006691	0.004849	1.008266	1.003410	1.002728	1.008106	1.003274
10.006344	1.009048	1.003918	0.005130	1.008530	1.003404	1.002723	1.005629	1.000517
10.045291	1.009989	1.005880	0.004109	1.007495	1.003381	1.002705	1.006590	1.002495
10.082770	1.004034	1.004036	-0.000003	1.003337	1.003343	1.002674	1.000692	1.000695
10.119184	1.014369	1.006408	0.007961	1.011260	1.003291	1.002633	1.011046	1.003111
10.155552	1.001486	1.003865	-0.002379	1.000842	1.003225	1.002580	0.998270	1.000642
10.191944	1.004845	1.003022	0.001823	1.004962	1.003145	1.002516	1.001699	0.999882
10.228356	1.008108	1.005947	0.002161	1.005215	1.003051	1.002441	1.005046	1.002891
10.264713	1.001003	1.003636	-0.002633	1.000308	1.002944	1.002355	0.998069	1.000694
10.301116	1.003836	1.003171	0.000665	1.003484	1.002824	1.002259	1.001013	1.000350
10.337495	1.011702	1.003400	0.008303	1.010991	1.002692	1.002154	1.008990	1.000710
10.373898	1.006316	1.001717	0.004599	1.007139	1.002548	1.002038	1.003763	0.999175
10.410289	1.005145	1.006117	-0.000972	1.001427	1.002393	1.001914	1.002750	1.003719
10.446679	1.004021	1.004404	-0.000383	1.001847	1.002227	1.001782	1.001794	1.002175
10.483070	1.007800	1.004466	0.003334	1.005389	1.002052	1.001641	1.005740	1.002413
10.519462	1.008233	1.005310	0.002923	1.004793	1.001867	1.001494	1.006357	1.003440
10.555840	1.007100	1.006465	0.000635	1.002315	1.001675	1.001340	1.005419	1.004786
10.592242	1.008364	1.004872	0.003492	1.004969	1.001475	1.001180	1.006882	1.003395
10.628645	0.999612	1.005574	-0.005962	0.995308	1.001269	1.001015	0.998348	1.004303
10.665047	1.006433	1.004439	0.001994	1.003052	1.001057	1.000846	1.005373	1.003381
10.701415	1.000982	1.003377	-0.002396	0.998444	1.000841	1.000673	1.000143	1.002537
10.737806	1.008930	1.004076	0.004855	1.005474	1.000621	1.000497	1.008307	1.003455
10.774186	1.006908	1.001272	0.005636	1.006031	1.000398	1.000319	1.006509	1.000876
10.810588	0.998955	1.001527	-0.002572	0.997599	1.000174	1.000139	0.998784	1.001355
10.846979	0.996849	1.000320	-0.003471	0.996474	0.999948	0.999959	0.996902	1.000373
10.883358	1.000055	1.001405	-0.001349	0.998371	0.999723	0.999779	1.000334	1.001683
10.919761	1.007040	1.002500	0.004540	1.004035	0.999499	0.999600	1.007546	1.003003
10.956141	0.998779	1.002877	-0.004098	0.995174	0.999278	0.999422	0.999501	1.003602
10.992531	1.001476	0.997689	0.003787	1.002844	0.999059	0.999248	1.002420	0.998629
11.028934	0.998582	0.997189	0.001393	1.000237	0.998845	0.999076	0.999737	0.998343
11.065325	1.000554	0.999155	0.001399	1.000031	0.998636	0.998909	1.001922	1.000521
11.101715	1.003287	1.001021	0.002266	1.000694	0.998432	0.998746	1.004862	1.002593
11.138105	1.006647	1.002060	0.004587	1.002816	0.998236	0.998589	1.008426	1.003830
11.174486	1.004455	0.999718	0.004738	1.002780	0.998047	0.998438	1.006420	1.001673
11.210887	1.004752	1.000470	0.004282	1.002144	0.997867	0.998293	1.006899	1.002608
11.247268	1.002212	1.001930	0.000282	0.997970	0.997696	0.998157	1.004525	1.004242
11.283669	1.005015	1.001361	0.003654	1.001180	0.997535	0.998028	1.007497	1.003834
11.320071	0.999744	1.000037	-0.000293	0.997084	0.997384	0.997908	1.002364	1.002658
11.359363	0.999944	1.000378	-0.000434	0.996791	0.997235	0.997788	1.002714	1.003149
11.396486	0.999772	1.000780	-0.001008	0.996087	0.997107	0.997686	1.002670	1.003682
11.432867	1.000336	0.998934	0.001402	0.998390	0.996994	0.997595	1.003349	1.001943
11.469268	1.000001	0.998867	0.001133	0.998022	0.996894	0.997516	1.003113	1.001976
11.505637	0.993663	0.999710	-0.006047	0.990753	0.996808	0.997447	0.996842	1.002908
11.542061	0.996226	0.996449	-0.000223	0.996514	0.996736	0.997389	0.999486	0.999709
11.578442	0.989368	0.996461	-0.007093	0.989587	0.996678	0.997342	0.992662	0.999779
11.614832	0.989198	0.996478	-0.007280	0.989355	0.996635	0.997308	0.992535	0.999840
11.651222	0.992255	0.994907	-0.002652	0.993960	0.996606	0.997285	0.995631	0.998292
11.687613	0.990404	0.996008	-0.005604	0.990991	0.996592	0.997273	0.993788	0.999410
11.724005	0.996668	0.997290	-0.000621	0.995970	0.996593	0.997274	1.000072	1.000696
11.760395	1.004612	0.999046	0.005566	1.002167	0.996608	0.997287	1.008027	1.002442
11.796798	1.005068	0.999642	0.005426	1.002058	0.996639	0.997311	1.008453	1.003009
11.833189	1.009600	1.003131	0.006469	1.003134	0.996684	0.997347	1.012954	1.006464
11.869556	1.003883	1.002919	0.000963	0.997692	0.996744	0.997395	1.007158	1.006191
11.905958	1.008703	1.005127	0.003577	1.000370	0.996818	0.997454	1.011919	1.008331
11.942339	0.998944	1.000698	-0.001754	0.995143	0.996906	0.997524	1.002040	1.003800
11.978751	0.996987	1.001177	-0.004189	0.992806	0.997007	0.997606	0.999976	1.004178
12.015121	0.997298	0.999774	-0.002476	0.994638	0.997121	0.997697	1.000173	1.002656
12.051534	1.010233	1.001282	0.008951	1.006189	0.997248	0.997799	1.013016	1.004040
12.087913	1.000493	1.004361	-0.003868	0.993500	0.997387	0.997910	1.003109	1.006988
12.124327	0.994879	1.000246	-0.005367	0.992163	0.997538	0.998030	0.997331	1.002711
12.160728	0.998747	1.001045	-0.002298	0.995394	0.997699	0.998159	1.001046	1.003350
12.197108	1.000971	1.002646	-0.001675	0.996184	0.997870	0.998296	1.003104	1.004783
12.233487	1.002862	1.003058	-0.000196	0.997842	0.998051	0.998440	1.004817	1.005013
12.269901	1.000104	1.000186	-0.000082	0.998154	0.998240	0.998592	1.001864	1.001946
12.306269	1.002395	1.000954	0.001441	0.999872	0.998436	0.998749	1.003962	1.002519
12.342671	1.002973	1.000219	0.002754	1.001390	0.998640	0.998912	1.004336	1.001578
12.379062	1.004016	1.001341	0.002675	1.001521	0.998849	0.999079	1.005169	1.002492
12.415464	0.999199	1.000498	-0.001299	0.997760	0.999064	0.999251	1.000132	1.001433
12.451844	1.004922	1.000734	0.004188	1.003467	0.999282	0.999426	1.005641	1.001451
12.488235	0.994809	1.001887	-0.007078	0.992423	0.999504	0.999603	0.995300	1.002382
12.524626	1.001229	1.002411	-0.001183	0.998544	0.999728	0.999782	1.001499	1.002682
12.561006	1.011405	1.003362	0.008043	1.007995	0.999953	0.999962	1.011451	1.003408
12.597396	1.000714	1.005246	-0.004533	0.995646	1.000178	1.000142	1.000534	1.005066
12.633810	1.011574	1.004835	0.006738	1.007146	1.000403	1.000322	1.011165	1.004430
12.670179	0.999513	1.005915	-0.006402	0.994225	1.000625	1.000500	0.998887	1.005286
12.706580	1.001694	1.005811	-0.004116	0.996733	1.000845	1.000676	1.000847	1.004960
12.742982	1.009618	1.006145	0.003473	1.004539	1.001062	1.000849	1.008547	1.005077
12.779373	1.008012	1.006671	0.001341	1.002619	1.001273	1.001019	1.006730	1.005391
12.815752	1.008331	1.005739	0.002592	1.004076	1.001479	1.001183	1.006842	1.004254
12.852155	1.002995	1.005793	-0.002798	0.998887	1.001679	1.001343	1.001314	1.004107
12.888535	1.000127	1.006088	-0.005961	0.995915	1.001871	1.001497	0.998260	1.004210
12.924925	1.002130	1.002965	-0.000836	1.001220	1.002055	1.001644	1.000075	1.000909
12.964594	1.001168	1.004851	-0.003683	0.998564	1.002246	1.001797	0.998926	1.002601
13.001351	1.007100	1.005344	0.001755	1.004170	1.002412	1.001930	1.004678	1.002927
13.037722	1.006229	1.004320	0.001909	1.004474	1.002566	1.002053	1.003656	1.001751
13.074145	1.001289	1.004397	-0.003108	0.999601	1.002709	1.002167	0.998586	1.001686
13.110514	1.003425	1.004552	-0.001127	1.001713	1.002839	1.002272	1.000586	1.001710
13.146927	1.003491	1.006445	-0.002954	1.000008	1.002958	1.002366	1.000534	1.003479
13.183295	1.006977	1.006642	0.000335	1.003403	1.003063	1.002451	1.003904	1.003570
13.219708	1.005036	1.003526	0.001510	1.004662	1.003156	1.002524	1.001877	1.000372
13.256066	1.004660	1.006199	-0.001539	1.001699	1.003234	1.002587	1.001424	1.002958
13.292480	1.003618	1.005204	-0.001585	1.001713	1.003298	1.002639	1.000322	1.001902
13.328847	1.003507	1.008229	-0.004722	0.998640	1.003348	1.002679	1.000161	1.004868
13.365261	1.008979	1.009976	-0.000997	1.002404	1.003384	1.002707	1.005580	1.006574
13.403095	1.014303	1.009886	0.004418	1.007837	1.003404	1.002724	1.010866	1.006463
13.441687	1.008405	1.008807	-0.000402	1.003018	1.003409	1.002728	1.004982	1.005383
13.478078	1.008075	1.005967	0.002108	1.005509	1.003399	1.002719	1.004664	1.002563
13.514459	1.011338	1.008313	0.003025	1.006404	1.003373	1.002698	1.007942	1.004927
13.550838	1.009982	1.010405	-0.000423	1.002922	1.003333	1.002666	1.006631	1.007053
13.587251	1.015742	1.010036	0.005706	1.008999	1.003278	1.002622	1.012428	1.006741
13.623620	1.008491	1.008359	0.000131	1.003348	1.003209	1.002567	1.005269	1.005138
13.660032	1.005397	1.004456	0.000941	1.004063	1.003126	1.002500	1.002269	1.001331
13.696423	1.005245	1.005363	-0.000118	1.002908	1.003029	1.002423	1.002214	1.002331
13.732826	1.005749	1.005793	-0.000045	1.002874	1.002919	1.002335	1.002826	1.002870
13.769183	1.009871	1.006479	0.003393	1.006189	1.002796	1.002237	1.007060	1.003676
13.809240	1.009727	1.005860	0.003867	1.006514	1.002647	1.002118	1.007065	1.003208
14.055387	0.997467	0.999174	-0.001706	0.999452	1.001458	1.001166	0.996308	0.998012
14.091802	1.000482	1.000620	-0.000137	1.000859	1.001251	1.001001	0.999484	0.999622
14.128181	0.998185	1.001470	-0.003284	0.997544	1.001039	1.000831	0.997359	1.000641
14.164604	0.998978	1.003351	-0.004373	0.996282	1.000822	1.000657	0.998324	1.002694
14.200952	1.002861	1.001110	0.001751	1.002230	1.000602	1.000481	1.002381	1.000630
14.239909	0.998237	1.001022	-0.002785	0.997504	1.000363	1.000290	0.997949	1.000733
14.277400	1.001927	0.998853	0.003073	1.003176	1.000131	1.000105	1.001823	0.998750
14.313791	0.995850	0.999854	-0.004004	0.995919	0.999906	0.999925	0.995926	0.999930
14.350182	0.999688	1.000383	-0.000695	0.999048	0.999681	0.999745	0.999944	1.000639
14.386573	1.001939	0.999481	0.002458	1.002023	0.999458	0.999566	1.002375	0.999916
14.422975	0.999748	0.999306	0.000442	0.999831	0.999237	0.999389	1.000360	0.999917
14.462609	0.998179	0.999252	-0.001073	0.998127	0.999000	0.999200	0.998979	1.000053
14.499369	0.999373	0.999880	-0.000507	0.998518	0.998784	0.999028	1.000347	1.000854
14.535769	0.990174	0.995513	-0.005339	0.993521	0.998577	0.998861	0.991302	0.996648
14.572149	0.998630	0.995965	0.002665	1.001366	0.998375	0.998700	0.999930	0.997261
14.611452	0.996922	0.997947	-0.001025	0.997509	0.998166	0.998532	0.998387	0.999414
14.648576	0.996153	0.997949	-0.001796	0.996588	0.997976	0.998381	0.997768	0.999567
14.684967	0.999778	0.995374	0.004405	1.002649	0.997799	0.998239	1.001541	0.997128
14.721369	0.993403	0.994176	-0.000772	0.997340	0.997632	0.998106	0.995288	0.996061
14.757782	0.990074	0.993746	-0.003672	0.994312	0.997475	0.997980	0.992077	0.995756
14.794139	0.991965	0.995862	-0.003897	0.993969	0.997329	0.997864	0.994087	0.997993
14.830519	0.990722	0.996990	-0.006268	0.991490	0.997195	0.997756	0.992948	0.999231
14.866921	0.999488	0.997110	0.002377	1.000039	0.997073	0.997659	1.001832	0.999449
14.903323	0.997823	0.998439	-0.000616	0.996955	0.996964	0.997571	1.000250	1.000868
14.939714	0.999365	0.997176	0.002188	0.999684	0.996868	0.997495	1.001873	0.999679
14.976094	1.000949	0.999049	0.001899	0.999325	0.996786	0.997429	1.003527	1.001622
15.012496	1.004198	0.999055	0.005144	1.002515	0.996718	0.997374	1.006839	1.001682
15.048898	0.997134	0.997541	-0.000408	0.996924	0.996664	0.997331	0.999799	1.000208
15.085266	0.991163	0.996343	-0.005179	0.992124	0.996625	0.997300	0.993844	0.999037
15.121669	0.996611	0.997618	-0.001007	0.996275	0.996600	0.997280	0.999326	1.000336
15.159870	0.993055	0.995578	-0.002523	0.994753	0.996590	0.997272	0.995768	0.998298
15.198107	0.999349	0.995597	0.003753	1.001036	0.996597	0.997278	1.002074	0.998312
15.234497	0.989088	0.996009	-0.006921	0.990383	0.996619	0.997295	0.991768	0.998708
15.270898	0.997749	0.997174	0.000575	0.997901	0.996655	0.997324	1.000423	0.999847
15.307279	1.005614	0.996584	0.009030	1.006400	0.996706	0.997365	1.008268	0.999214
15.343669	0.994739	0.995946	-0.001206	0.996216	0.996771	0.997417	0.997312	0.998522
15.380061	1.000129	0.996526	0.003602	1.001087	0.996850	0.997480	1.002652	0.999040
15.416462	0.992446	0.997101	-0.004655	0.992904	0.996943	0.997555	0.994875	0.999542
15.452843	1.008096	0.995553	0.012542	1.010187	0.997050	0.997640	1.010477	0.997905
15.489233	0.997247	0.993589	0.003659	1.001400	0.997169	0.997735	0.999508	0.995841
15.525635	0.994211	0.996688	-0.002477	0.995368	0.997301	0.997841	0.996359	0.998841
15.562037	0.994862	0.995611	-0.000749	0.997214	0.997444	0.997956	0.996897	0.997648
15.598416	0.995171	0.998941	-0.003770	0.994310	0.997599	0.998079	0.997083	1.000860
15.636987	1.001016	0.997674	0.003342	1.001565	0.997774	0.998219	1.002798	0.999450
15.674844	0.999389	0.997389	0.002001	1.000368	0.997957	0.998366	1.001022	0.999018
15.711234	0.998141	0.997489	0.000651	0.999167	0.998142	0.998513	0.999624	0.998972
15.747602	0.994484	0.998431	-0.003947	0.994722	0.998334	0.998668	0.995809	0.999761
15.784027	1.000140	0.998789	0.001351	1.000180	0.998535	0.998828	1.001311	0.999959
15.820406	0.998254	0.998693	-0.000440	0.998554	0.998741	0.998993	0.999258	0.999698
15.856809	1.001515	0.998946	0.002568	1.001732	0.998953	0.999163	1.002352	0.999781
15.893555	0.995509	1.000040	-0.004531	0.994810	0.999172	0.999338	0.996167	1.000700
15.933235	0.994129	0.997730	-0.003601	0.995932	0.999412	0.999530	0.994595	0.998197
15.969615	0.990440	0.998173	-0.007732	0.991975	0.999635	0.999708	0.990728	0.998462
16.006006	0.999992	0.998707	0.001285	1.001175	0.999860	0.999888	1.000102	0.998817
16.042385	1.006553	0.999244	0.007309	1.007378	1.000085	1.000068	1.006483	0.999175
16.078798	0.997196	1.000673	-0.003478	0.996774	1.000310	1.000248	0.996947	1.000424
16.115177	0.999456	0.999012	0.000444	1.000870	1.000534	1.000427	0.999029	0.998585
16.153025	0.997427	0.998149	-0.000722	0.999886	1.000764	1.000611	0.996817	0.997539
16.191593	1.000081	1.000288	-0.000207	1.000589	1.000994	1.000795	0.999286	0.999493
16.227995	0.997253	1.000658	-0.003405	0.997560	1.001208	1.000966	0.996290	0.999692
16.264387	1.001836	1.000795	0.001041	1.002171	1.001416	1.001132	1.000703	0.999663
16.300789	0.998753	1.000710	-0.001957	0.999334	1.001617	1.001294	0.997463	0.999417
16.337191	1.006990	1.002297	0.004693	1.006143	1.001812	1.001450	1.005533	1.000846
16.373569	0.998572	1.002108	-0.003535	0.998064	1.001999	1.001599	0.996979	1.000508
16.409939	1.005657	1.001852	0.003805	1.005547	1.002177	1.001741	1.003909	1.000111
16.446363	1.005052	1.001827	0.003225	1.005103	1.002345	1.001876	1.003171	0.999952
16.482742	1.004381	1.001038	0.003343	1.005346	1.002504	1.002003	1.002374	0.999038
16.519112	0.998342	1.001392	-0.003051	0.999070	1.002651	1.002121	0.996230	0.999274
16.555525	1.005638	1.001294	0.004344	1.006574	1.002787	1.002230	1.003402	0.999068
16.591904	1.004153	1.001154	0.002999	1.005329	1.002910	1.002328	1.001822	0.998830
16.628307	1.003274	1.001351	0.001923	1.004339	1.003021	1.002417	1.000857	0.998938
16.664686	1.000376	1.002454	-0.002078	1.000419	1.003119	1.002495	0.997888	0.999961
16.701088	0.998409	0.999554	-0.001145	1.001410	1.003203	1.002563	0.995859	0.997001
16.737457	1.008497	0.998936	0.009560	1.012172	1.003273	1.002619	1.005865	0.996330
16.773859	1.001521	1.000659	0.000862	1.003521	1.003329	1.002663	0.998863	0.998003
16.810249	0.998164	0.999970	-0.001806	1.000883	1.003371	1.002697	0.995482	0.997283
16.846640	1.000383	0.998439	0.001944	1.004658	1.003397	1.002718	0.997675	0.995736
16.883032	0.998304	0.997233	0.001071	1.003791	1.003409	1.002727	0.995592	0.994524
16.919411	0.998048	0.999760	-0.001711	1.001010	1.003406	1.002725	0.995339	0.997046
16.955824	0.996836	1.000537	-0.003700	0.999009	1.003388	1.002710	0.994145	0.997835
16.992205	1.000085	0.999042	0.001043	1.003717	1.003355	1.002684	0.997411	0.996371
17.028595	0.999502	0.999764	-0.000262	1.002376	1.003308	1.002646	0.996867	0.997128
17.064985	1.006425	1.002901	0.003524	1.006120	1.003246	1.002597	1.003822	1.000307
17.101366	1.010171	1.004618	0.005553	1.008091	1.003170	1.002536	1.007619	1.002080
17.137779	1.003538	1.004408	-0.000870	1.001595	1.003080	1.002464	1.001075	1.001943
17.174181	1.000849	1.001881	-0.001032	1.001348	1.002977	1.002381	0.998474	0.999504
17.210539	1.009419	1.001727	0.007692	1.009977	1.002861	1.002288	1.007118	0.999443
17.248041	1.000421	1.004458	-0.004036	0.998147	1.002728	1.002182	0.998246	1.002274
17.286964	1.002232	1.004057	-0.001825	1.000236	1.002576	1.002061	1.000174	1.001995
17.323357	0.998985	1.004723	-0.005738	0.996201	1.002423	1.001939	0.997055	1.002782
17.359756	1.007147	1.002691	0.004456	1.006262	1.002259	1.001808	1.005333	1.000885
17.396492	0.998759	1.002598	-0.003838	0.997828	1.002084	1.001667	0.997100	1.000932
17.436184	1.005561	1.001613	0.003947	1.005453	1.001884	1.001508	1.004050	1.000109
17.472553	1.003142	1.001911	0.001230	1.002582	1.001693	1.001354	1.001788	1.000559
17.508944	0.998284	1.002799	-0.004515	0.996680	1.001494	1.001195	0.997095	1.001605
17.545345	1.006168	1.000291	0.005877	1.006905	1.001288	1.001030	1.005135	0.999264
17.581726	0.999678	1.002172	-0.002494	0.998367	1.001077	1.000861	0.998820	1.001312
17.618128	0.999815	1.000336	-0.000521	1.000166	1.000861	1.000688	0.999129	0.999650
17.654507	1.008310	1.001790	0.006520	1.007033	1.000641	1.000513	1.007795	1.001278
17.690931	1.002932	0.999504	0.003428	1.003761	1.000418	1.000335	1.002598	0.999171
17.727301	0.995027	0.999086	-0.004059	0.996095	1.000194	1.000155	0.994874	0.998932
17.763702	0.993332	0.998148	-0.004816	0.995156	0.999969	0.999975	0.993358	0.998175
17.800070	0.997374	0.997949	-0.000575	0.999220	0.999744	0.999795	0.997580	0.998155
17.836462	0.998113	0.999142	-0.001029	0.998585	0.999520	0.999616	0.998497	0.999527
17.872852	0.993311	0.997106	-0.003795	0.995651	0.999298	0.999438	0.993870	0.997667
17.909243	0.994802	0.998382	-0.003580	0.995689	0.999079	0.999263	0.995536	0.999119
17.945656	1.001852	0.999660	0.002192	1.001284	0.998864	0.999091	1.002763	1.000570
17.982046	0.999561	0.999881	-0.000319	0.998604	0.998654	0.998923	1.000639	1.000958
18.018415	0.996614	0.998104	-0.001490	0.997273	0.998450	0.998760	0.997851	0.999343
18.054806	0.996370	0.997980	-0.001610	0.996996	0.998253	0.998603	0.997764	0.999376
18.091208	0.999115	0.999651	-0.000535	0.997913	0.998064	0.998451	1.000665	1.001201
18.127600	0.994162	1.000809	-0.006647	0.991654	0.997883	0.998306	0.995848	1.002506
18.163990	1.003026	0.999894	0.003132	1.001297	0.997711	0.998169	1.004866	1.001728
18.200382	0.990462	0.998620	-0.008157	0.989881	0.997549	0.998039	0.992407	1.000581
18.236773	0.995226	0.998073	-0.002847	0.995072	0.997398	0.997918	0.997301	1.000154
18.275364	0.995078	0.998522	-0.003444	0.994356	0.997250	0.997800	0.997271	1.000722
18.313187	0.997613	0.999286	-0.001673	0.996018	0.997118	0.997694	0.999916	1.001594
18.349579	1.003233	0.999138	0.004095	1.001698	0.997004	0.997603	1.005642	1.001537
18.385981	0.994301	0.998628	-0.004327	0.993196	0.996903	0.997522	0.996769	1.001106
18.422359	0.995716	0.997526	-0.001811	0.995643	0.996816	0.997452	0.998257	1.000072
18.458752	0.999452	0.996321	0.003131	1.000531	0.996742	0.997394	1.002061	0.998922
18.495153	0.996610	0.996827	-0.000217	0.997132	0.996683	0.997346	0.999259	0.999477
18.531544	1.005276	0.998022	0.007255	1.004568	0.996638	0.997310	1.007985	1.000710
18.567924	0.993340	0.998812	-0.005472	0.991813	0.996608	0.997286	0.996041	1.001527
18.604315	1.002055	0.996985	0.005070	1.002346	0.996592	0.997274	1.004791	0.999707
18.640728	1.002414	0.997717	0.004697	1.001971	0.996592	0.997274	1.005151	1.000442
18.677086	0.997074	0.996734	0.000340	0.997629	0.996606	0.997285	0.999785	0.999444
18.713499	0.994329	0.999539	-0.005210	0.992094	0.996636	0.997308	0.997009	1.002233
18.749866	1.000173	0.999660	0.000513	0.997852	0.996679	0.997344	1.002833	1.002319
18.786291	0.990262	0.998213	-0.007951	0.989439	0.996738	0.997390	0.992850	1.000822
18.822660	0.999235	0.998897	0.000338	0.997786	0.996811	0.997448	1.001787	1.001449
18.859072	1.002173	0.997715	0.004458	1.001978	0.996897	0.997518	1.004664	1.000194
18.895475	1.003605	0.999452	0.004153	1.001749	0.996997	0.997598	1.006018	1.001855
18.931866	0.997577	0.998447	-0.000870	0.996819	0.997111	0.997688	0.999885	1.000757
18.968212	1.003282	0.998979	0.004304	1.002095	0.997236	0.997789	1.005502	1.001189
19.004637	1.000055	0.997949	0.002106	1.000009	0.997374	0.997899	1.002157	1.000046
19.041027	1.001743	0.998508	0.003235	1.001256	0.997524	0.998019	1.003729	1.000487
19.077406	0.999557	0.998390	0.001167	0.999316	0.997684	0.998147	1.001410	1.000240
19.113787	1.007197	1.000198	0.006999	1.005283	0.997854	0.998283	1.008926	1.001915
19.150200	0.992970	0.999741	-0.006771	0.991658	0.998034	0.998427	0.994531	1.001313
19.186558	0.994252	0.997713	-0.003461	0.995121	0.998222	0.998578	0.995665	0.999132
19.222982	1.000021	0.998364	0.001657	1.000396	0.998418	0.998735	1.001286	0.999626
19.259350	1.003882	1.000778	0.003104	1.002003	0.998621	0.998897	1.004988	1.001881
19.295763	1.008327	1.000919	0.007407	1.006472	0.998830	0.999064	1.009269	1.001855
19.332144	0.997940	0.997007	0.000933	1.000174	0.999044	0.999235	0.998701	0.997768
19.368546	0.996603	0.998348	-0.001745	0.997670	0.999262	0.999410	0.997190	0.998935
19.404915	0.998746	0.998079	0.000667	1.000256	0.999484	0.999587	0.999156	0.998489
19.441349	1.002391	1.001226	0.001165	1.000932	0.999708	0.999766	1.002624	1.001458
19.477718	1.000374	1.001094	-0.000719	0.999227	0.999932	0.999946	1.000427	1.001146
19.514109	1.002651	1.001105	0.001546	1.001672	1.000158	1.000126	1.002523	1.000978
19.550476	0.992101	0.999959	-0.007858	0.992447	1.000382	1.000306	0.991796	0.999652
19.586903	1.001737	0.998191	0.003546	1.004029	1.000605	1.000484	1.001251	0.997707
19.623304	1.009169	1.003193	0.005975	1.006637	1.000826	1.000660	1.008502	1.002530
19.662251	1.008645	1.002864	0.005780	1.006627	1.001057	1.000846	1.007792	1.002016
19.699709	1.010162	1.004026	0.006136	1.007158	1.001275	1.001020	1.009132	1.003002
19.736120	1.000465	1.003455	-0.002990	0.998197	1.001481	1.001185	0.999280	1.002267
19.772501	1.002730	1.001407	0.001322	1.002666	1.001681	1.001345	1.001383	1.000063
19.808880	0.999756	1.002604	-0.002848	0.998652	1.001873	1.001498	0.998261	1.001105
19.845282	0.998664	1.003641	-0.004977	0.996670	1.002057	1.001646	0.997024	1.001992
19.881685	0.999730	1.003963	-0.004232	0.997557	1.002232	1.001786	0.997949	1.002174
19.918064	1.003846	1.003283	0.000563	1.002482	1.002398	1.001918	1.001925	1.001364
19.954445	0.998850	1.001691	-0.002841	0.999199	1.002552	1.002042	0.996816	0.999651
19.990858	1.001662	1.003109	-0.001447	1.000712	1.002696	1.002157	0.999508	1.000952
20.027258	1.011054	1.004215	0.006839	1.009104	1.002828	1.002263	1.008773	1.001949
20.063618	0.997671	1.004315	-0.006644	0.995719	1.002948	1.002358	0.995326	1.001954
20.100008	1.001001	1.002426	-0.001425	1.001019	1.003054	1.002444	0.998563	0.999984
20.136410	0.995872	1.001894	-0.006023	0.996493	1.003148	1.002518	0.993372	0.999380
20.172823	0.994625	1.002181	-0.007556	0.995025	1.003228	1.002582	0.992066	0.999602
20.209192	1.004110	1.004456	-0.000346	1.002292	1.003293	1.002635	1.001474	1.001819
20.245583	1.001161	1.003867	-0.002706	0.999971	1.003344	1.002675	0.998492	1.001191
20.281963	0.995814	1.002622	-0.006808	0.995894	1.003381	1.002705	0.993130	0.999920
20.318365	1.001936	1.002438	-0.000502	1.002215	1.003403	1.002722	0.999218	0.999719
20.354753	1.006762	1.003711	0.003052	1.005778	1.003410	1.002728	1.004027	1.000983
20.391146	1.001285	1.004308	-0.003023	0.999699	1.003402	1.002721	0.998571	1.001585
20.427547	0.999894	1.004656	-0.004762	0.997942	1.003379	1.002703	0.997201	1.001951
20.463940	1.003789	1.004693	-0.000904	1.001770	1.003342	1.002673	1.001116	1.002017
20.500307	1.005675	1.005375	0.000300	1.002934	1.003289	1.002632	1.003039	1.002740
20.536709	1.006167	1.004600	0.001567	1.004146	1.003223	1.002578	1.003583	1.002020
20.573111	1.010316	1.005453	0.004864	1.007380	1.003142	1.002514	1.007786	1.002935
20.609480	1.002503	1.004576	-0.002073	1.000368	1.003048	1.002439	1.000067	1.002135
20.649527	1.000565	1.005093	-0.004527	0.997819	1.002929	1.002343	0.998229	1.002746
20.685907	1.013259	1.004717	0.008542	1.010790	1.002808	1.002246	1.010992	1.002469
20.722298	1.009008	1.003995	0.005013	1.007153	1.002674	1.002139	1.006857	1.001855
20.758699	1.001467	1.003757	-0.002290	0.999735	1.002528	1.002023	0.999449	1.001735
20.795078	0.999676	1.002448	-0.002772	0.999124	1.002372	1.001897	0.997786	1.000553
20.831482	1.009391	1.001816	0.007575	1.009337	1.002205	1.001764	1.007617	1.000055
20.867861	1.006281	1.003242	0.003040	1.004662	1.002028	1.001622	1.004655	1.001620
20.904253	1.010540	1.003373	0.007166	1.008641	1.001843	1.001474	1.009055	1.001899
