0.566377	1.023743	1.027965	-0.004222	0.999297	1.003475	1.006256	1.020195	1.024403
0.602773	1.027623	1.027769	-0.000147	1.003323	1.003423	1.006162	1.024115	1.024261
0.639159	1.024919	1.026170	-0.001252	1.002162	1.003370	1.006067	1.021474	1.022721
0.675554	1.032754	1.025628	0.007125	1.010489	1.003317	1.005971	1.029337	1.022236
0.711940	1.023803	1.029259	-0.005456	0.997855	1.003263	1.005874	1.020471	1.025910
0.748303	1.022089	1.022628	-0.000540	1.002714	1.003209	1.005776	1.018817	1.019355
0.784710	1.020402	1.025818	-0.005416	0.997782	1.003154	1.005677	1.017192	1.022591
0.821084	1.032286	1.025337	0.006949	1.010081	1.003098	1.005577	1.029095	1.022168
0.857469	1.028939	1.018903	0.010035	1.013106	1.003042	1.005476	1.025816	1.015811
0.893866	1.022605	1.025933	-0.003328	0.999686	1.002986	1.005374	1.019559	1.022877
0.930261	1.010996	1.017738	-0.006742	0.996210	1.002928	1.005271	1.008042	1.014764
0.966613	1.027511	1.019630	0.007881	1.010779	1.002871	1.005168	1.024568	1.016709
1.003011	1.030778	1.021600	0.009178	1.012013	1.002813	1.005063	1.027884	1.018732
1.039384	1.022487	1.020957	0.001529	1.004306	1.002755	1.004958	1.019676	1.018151
1.075793	1.016662	1.019958	-0.003297	0.999424	1.002696	1.004852	1.013927	1.017214
1.112155	1.024802	1.018894	0.005908	1.008562	1.002636	1.004745	1.022106	1.016213
1.148562	1.023275	1.022455	0.000820	1.003417	1.002576	1.004637	1.020644	1.019826
1.184926	1.033114	1.023744	0.009370	1.011903	1.002516	1.004529	1.030519	1.021173
1.221343	1.033936	1.020815	0.013122	1.015593	1.002455	1.004419	1.031402	1.018313
1.257696	1.019505	1.022589	-0.003084	0.999328	1.002394	1.004310	1.017068	1.020145
1.294091	1.024291	1.022590	0.001702	1.004056	1.002333	1.004199	1.021906	1.020208
1.330477	1.027393	1.029470	-0.002077	1.000210	1.002271	1.004087	1.025064	1.027136
1.366862	1.029311	1.028447	0.000864	1.003088	1.002208	1.003975	1.027041	1.026179
1.403248	1.034808	1.028895	0.005912	1.008075	1.002146	1.003863	1.032590	1.026691
1.439633	1.031393	1.031989	-0.000596	1.001505	1.002083	1.003749	1.029248	1.029842
1.476006	1.026900	1.024666	0.002234	1.004271	1.002019	1.003635	1.024829	1.022600
1.512403	1.028828	1.020929	0.007899	1.009865	1.001956	1.003520	1.026818	1.018935
1.548810	1.015248	1.018883	-0.003635	0.998266	1.001892	1.003405	1.013329	1.016957
1.585173	1.026791	1.023330	0.003461	1.005291	1.001827	1.003289	1.024916	1.021462
1.621570	1.028072	1.018664	0.009408	1.011180	1.001763	1.003173	1.026261	1.016870
1.657955	1.028920	1.020485	0.008435	1.010137	1.001698	1.003056	1.027174	1.018754
1.694329	1.016559	1.019416	-0.002857	0.998777	1.001633	1.002939	1.014901	1.017753
1.730715	1.020835	1.015056	0.005779	1.007348	1.001567	1.002821	1.019237	1.013467
1.767099	1.019090	1.016012	0.003078	1.004581	1.001501	1.002702	1.017561	1.014487
1.803496	1.014427	1.014302	0.000125	1.001561	1.001435	1.002583	1.012971	1.012847
1.839871	1.015808	1.017879	-0.002071	0.999294	1.001369	1.002464	1.014418	1.016486
1.879177	1.011500	1.013760	-0.002260	0.999036	1.001297	1.002335	1.010188	1.012445
1.916273	1.002811	1.016074	-0.013263	0.987962	1.001229	1.002212	1.001579	1.014825
1.952670	1.018673	1.023242	-0.004569	0.996579	1.001162	1.002092	1.017489	1.022053
1.989043	1.006200	1.018214	-0.012014	0.989074	1.001095	1.001971	1.005098	1.017098
2.025452	1.017559	1.020084	-0.002525	0.998494	1.001028	1.001850	1.016513	1.019035
2.061814	1.019208	1.022421	-0.003212	0.997733	1.000960	1.001728	1.018229	1.021438
2.098600	1.027952	1.025070	0.002882	1.003753	1.000892	1.001605	1.027034	1.024155
2.138240	1.015785	1.014566	0.001219	1.002033	1.000818	1.001472	1.014953	1.013735
2.174637	1.028194	1.016492	0.011703	1.012442	1.000750	1.001350	1.027423	1.015729
2.211032	1.010548	1.011724	-0.001176	0.999505	1.000682	1.001227	1.009858	1.011033
2.251050	1.020979	1.008098	0.012881	1.013486	1.000607	1.001092	1.020358	1.007485
2.287436	1.016328	1.016773	-0.000446	1.000076	1.000539	1.000969	1.015779	1.016225
2.323833	1.025577	1.013536	0.012041	1.012501	1.000470	1.000846	1.025094	1.013058
2.360195	1.025213	1.008330	0.016883	1.017285	1.000402	1.000723	1.024800	1.007924
2.398035	1.013766	1.007906	0.005861	1.006188	1.000330	1.000595	1.013430	1.007572
2.436610	1.000940	1.008000	-0.007060	0.993196	1.000258	1.000464	1.000681	1.007739
2.472995	1.009546	1.014169	-0.004623	0.995548	1.000189	1.000340	1.009354	1.013976
2.509391	1.014500	1.002668	0.011833	1.011956	1.000120	1.000217	1.014377	1.002546
2.545777	1.002325	1.007239	-0.004914	0.995134	1.000052	1.000093	1.002272	1.007186
2.583250	1.006025	1.011658	-0.005632	0.994335	0.999981	0.999966	1.006044	1.011676
2.622179	1.007110	1.015450	-0.008340	0.991547	0.999907	0.999833	1.007202	1.015543
2.658576	1.014008	1.013741	0.000268	1.000088	0.999839	0.999710	1.014171	1.013903
2.694950	1.021294	1.019486	0.001808	1.001545	0.999770	0.999586	1.021528	1.019719
2.731346	1.016473	1.015112	0.001361	1.001043	0.999701	0.999463	1.016775	1.015414
2.767721	1.015258	1.016663	-0.001405	0.998199	0.999633	0.999339	1.015630	1.017035
2.804117	1.021699	1.011952	0.009747	1.009292	0.999564	0.999216	1.022143	1.012392
2.840491	1.013498	1.011737	0.001762	1.001239	0.999496	0.999093	1.014009	1.012246
2.877598	1.011153	1.002799	0.008354	1.007780	0.999426	0.998967	1.011732	1.003373
2.916917	1.001546	1.002395	-0.000849	0.998505	0.999353	0.998834	1.002194	1.003044
2.953290	1.008649	1.000865	0.007784	1.007071	0.999284	0.998712	1.009370	1.001581
2.989675	1.009841	1.000733	0.009108	1.008332	0.999216	0.998589	1.010632	1.001517
3.026050	0.995449	1.003454	-0.008004	0.991145	0.999148	0.998467	0.996297	1.004308
3.062468	1.004849	1.003359	0.001490	1.000566	0.999081	0.998345	1.005772	1.004281
3.098821	1.010446	1.002264	0.008182	1.007193	0.999013	0.998224	1.011444	1.003254
3.135216	1.002156	1.004200	-0.002044	0.996894	0.998946	0.998102	1.003213	1.005259
3.171591	0.998154	1.004012	-0.005858	0.993013	0.998878	0.997981	0.999274	1.005138
3.207988	1.003496	1.001600	0.001895	1.000704	0.998811	0.997861	1.004689	1.002792
3.244349	1.010346	1.001995	0.008350	1.007091	0.998745	0.997740	1.011615	1.003254
3.280769	1.002122	1.003131	-0.001009	0.997662	0.998678	0.997620	1.003448	1.004458
3.317143	0.996504	1.005638	-0.009134	0.989463	0.998612	0.997501	0.997889	1.007035
3.353528	1.008877	1.009252	-0.000375	0.998143	0.998545	0.997382	1.010346	1.010722
3.389925	1.006436	1.009405	-0.002969	0.995485	0.998479	0.997263	1.007968	1.010942
3.426309	0.994535	1.006290	-0.011755	0.986639	0.998414	0.997145	0.996115	1.007889
3.462661	1.011559	1.012542	-0.000983	0.997329	0.998348	0.997027	1.013232	1.014216
3.499068	1.018886	1.013235	0.005651	1.003894	0.998283	0.996910	1.020638	1.014977
3.535431	1.010614	1.008067	0.002547	1.000738	0.998218	0.996793	1.012417	1.009866
3.571840	1.001784	1.007083	-0.005300	0.992832	0.998154	0.996677	1.003636	1.008946
3.608225	1.009659	1.005438	0.004221	1.002295	0.998089	0.996561	1.011591	1.007362
3.644609	1.001175	1.003281	-0.002107	0.995908	0.998025	0.996446	1.003155	1.005266
3.680995	1.007993	1.003083	0.004911	1.002862	0.997962	0.996331	1.010052	1.005131
3.717391	0.996780	1.002682	-0.005901	0.991985	0.997899	0.996217	0.998879	1.004793
3.753766	1.000968	0.999084	0.001884	0.999721	0.997836	0.996104	1.003139	1.001251
3.790151	1.002717	1.004114	-0.001398	0.996355	0.997773	0.995992	1.004954	1.006355
3.826524	1.001779	0.997317	0.004463	1.002180	0.997711	0.995880	1.004078	0.999604
3.862932	0.989066	0.997200	-0.008134	0.989523	0.997649	0.995768	0.991397	0.999550
3.899294	0.997284	0.995735	0.001549	0.999148	0.997588	0.995658	0.999695	0.998143
3.935702	0.996400	0.997156	-0.000756	0.996777	0.997527	0.995548	0.998870	0.999628
3.972077	0.991592	0.998499	-0.006907	0.990560	0.997466	0.995439	0.994111	1.001035
4.008483	1.004126	1.005963	-0.001837	0.995536	0.997406	0.995331	1.006737	1.008579
4.044870	1.005117	1.003498	0.001620	0.998950	0.997346	0.995223	1.007792	1.006168
4.081243	1.006127	1.010901	-0.004774	0.992457	0.997287	0.995117	1.008864	1.013651
4.117606	0.999389	1.006442	-0.007053	0.990146	0.997228	0.995011	1.002167	1.009240
4.154002	0.988843	1.005759	-0.016916	0.980235	0.997170	0.994906	0.991649	1.008613
4.190377	0.995178	1.004147	-0.008968	0.988122	0.997112	0.994802	0.998061	1.007055
4.226773	1.004450	1.007052	-0.002602	0.994415	0.997055	0.994698	1.007417	1.010027
4.263147	0.990532	1.001114	-0.010582	0.986402	0.996998	0.994596	0.993515	1.004129
4.299554	1.000535	1.005754	-0.005219	0.991684	0.996941	0.994494	1.003605	1.008840
4.335906	0.998671	0.997409	0.001263	0.998151	0.996885	0.994394	1.001791	1.000525
4.372314	0.995749	0.996794	-0.001045	0.995792	0.996830	0.994294	0.998916	0.999964
4.408677	1.000075	0.995392	0.004683	1.001469	0.996775	0.994195	1.003311	0.998613
4.445095	0.992834	0.997639	-0.004805	0.991917	0.996721	0.994098	0.996101	1.000921
4.481459	0.997191	0.995757	0.001434	0.998109	0.996667	0.994001	1.000526	0.999088
4.517866	0.992422	0.991801	0.000621	0.997262	0.996614	0.993905	0.995794	0.995171
4.554217	0.989487	0.994735	-0.005248	0.991327	0.996561	0.993810	0.992902	0.998168
4.590626	0.994685	0.989960	0.004725	1.001270	0.996509	0.993717	0.998170	0.993428
4.630631	1.003365	0.998973	0.004391	1.000835	0.996453	0.993615	1.006937	1.002530
4.667029	0.987390	1.005688	-0.018298	0.978057	0.996402	0.993523	0.990956	1.009320
4.703403	0.998646	1.002843	-0.004197	0.992124	0.996352	0.993433	1.002303	1.006515
4.739810	1.003262	1.010030	-0.006768	0.989461	0.996302	0.993344	1.006986	1.013779
4.776185	1.007316	1.003590	0.003726	0.999944	0.996253	0.993256	1.011105	1.007365
4.812602	1.006193	1.009909	-0.003716	0.992414	0.996205	0.993169	1.010027	1.013757
4.848944	1.005515	1.001943	0.003573	0.999703	0.996157	0.993083	1.009395	1.005808
4.885351	1.005834	1.001929	0.003904	0.999985	0.996110	0.992998	1.009762	1.005842
4.921714	0.997363	1.001473	-0.004110	0.991929	0.996064	0.992915	1.001305	1.005431
4.958122	0.988131	0.999225	-0.011093	0.984913	0.996018	0.992832	0.992083	1.003220
4.994495	0.998791	0.995878	0.002913	0.998891	0.995973	0.992751	1.002830	0.999906
5.030892	0.995709	0.996456	-0.000747	0.995182	0.995928	0.992671	0.999780	1.000531
5.067277	1.005858	0.997758	0.008101	1.003978	0.995885	0.992592	1.010015	1.001881
5.103695	0.993647	0.998568	-0.004921	0.990909	0.995842	0.992515	0.997797	1.002738
5.140048	0.997325	0.993467	0.003859	0.999676	0.995799	0.992439	1.001533	0.997658
5.176444	0.992490	0.995234	-0.002744	0.993021	0.995758	0.992364	0.996719	0.999475
5.215005	0.984704	0.996052	-0.011349	0.984367	0.995714	0.992286	0.988943	1.000340
5.252848	0.986417	0.994981	-0.008565	0.987118	0.995673	0.992211	0.990705	0.999307
5.289232	0.998259	0.997748	0.000511	0.996138	0.995633	0.992140	1.002638	1.002125
5.325628	1.008614	1.001551	0.007064	1.002626	0.995594	0.992070	1.013078	1.005983
5.362014	1.007176	0.999874	0.007302	1.002841	0.995556	0.992002	1.011672	1.004338
5.398409	1.000729	1.008343	-0.007614	0.987831	0.995519	0.991935	1.005234	1.012882
5.434784	1.005060	1.000553	0.004507	0.999971	0.995483	0.991869	1.009622	1.005094
5.471158	1.002815	1.004112	-0.001297	0.994107	0.995447	0.991805	1.007403	1.008706
5.507555	0.990510	0.998466	-0.007956	0.987446	0.995412	0.991742	0.995076	1.003069
5.543940	1.005658	1.005759	-0.000101	0.995220	0.995378	0.991681	1.010329	1.010430
5.580314	0.993892	0.998709	-0.004817	0.990512	0.995345	0.991620	0.998542	1.003381
5.616721	0.993546	0.995150	-0.001604	0.993715	0.995312	0.991562	0.998227	0.999838
5.653085	0.986342	0.989897	-0.003554	0.991763	0.995280	0.991504	0.991021	0.994592
5.689480	0.989472	0.995800	-0.006328	0.988921	0.995249	0.991449	0.994196	1.000555
5.725867	0.988241	0.999983	-0.011742	0.983452	0.995219	0.991394	0.992990	1.004787
5.762251	0.990244	0.994155	-0.003911	0.991289	0.995190	0.991341	0.995032	0.998961
5.798625	0.980366	0.989364	-0.008998	0.986202	0.995161	0.991290	0.985134	0.994176
5.835021	0.985388	0.993243	-0.007855	0.987294	0.995133	0.991240	0.990209	0.998102
5.871407	0.983470	0.995923	-0.012453	0.982653	0.995106	0.991191	0.988308	1.000822
5.907792	1.005599	1.001321	0.004278	0.999322	0.995080	0.991144	1.010572	1.006273
5.944166	0.997009	0.998128	-0.001119	0.993921	0.995055	0.991098	1.001966	1.003090
5.980551	0.997894	1.002044	-0.004150	0.990846	0.995030	0.991054	1.002880	1.007050
6.016958	1.009536	1.000099	0.009437	1.004418	0.995006	0.991012	1.014604	1.005119
6.053333	0.998189	1.001488	-0.003299	0.991648	0.994984	0.990970	1.003223	1.006538
6.089717	0.997220	0.999327	-0.002106	0.992832	0.994962	0.990931	1.002272	1.004389
6.126102	0.999412	0.997754	0.001658	0.996587	0.994940	0.990893	1.004496	1.002829
6.162488	1.002621	0.994362	0.008259	1.003191	0.994920	0.990856	1.007741	0.999440
6.198874	1.000870	0.996838	0.004032	0.998923	0.994901	0.990821	1.006001	1.001948
6.235258	0.989266	0.990208	-0.000942	0.993976	0.994882	0.990788	0.994357	0.995304
6.271645	0.993215	0.993628	-0.000413	0.994466	0.994864	0.990756	0.998344	0.998759
6.308029	0.995127	0.995511	-0.000384	0.994466	0.994847	0.990725	1.000282	1.000668
6.344415	0.994097	0.995821	-0.001724	0.993110	0.994831	0.990696	0.999263	1.000996
6.380789	1.003267	0.992895	0.010372	1.005204	0.994816	0.990669	1.008497	0.998070
6.417184	0.995009	0.989187	0.005823	1.000665	0.994802	0.990643	1.000210	0.994357
6.453581	0.995219	0.990135	0.005084	0.999907	0.994788	0.990619	1.000434	0.995324
6.489944	1.004689	0.992652	0.012037	1.006830	0.994776	0.990597	1.009966	0.997866
6.526341	0.993563	0.999639	-0.006076	0.988661	0.994764	0.990576	0.998794	1.004902
6.562737	0.991191	0.999580	-0.008389	0.986336	0.994753	0.990556	0.996420	1.004854
6.599100	0.995661	1.000055	-0.004394	0.990327	0.994744	0.990538	1.000924	1.005341
6.635496	0.992932	0.999146	-0.006214	0.988496	0.994734	0.990522	0.998189	1.004436
6.671869	0.999854	1.000782	-0.000929	0.993763	0.994726	0.990507	1.005157	1.006090
6.708278	1.001832	1.003702	-0.001869	0.992796	0.994719	0.990494	1.007153	1.009032
6.744640	0.993747	0.999792	-0.006044	0.988635	0.994713	0.990483	0.999031	1.005108
6.781026	0.991980	0.992642	-0.000662	0.994062	0.994707	0.990473	0.997260	0.997926
6.817421	0.986669	0.990975	-0.004306	0.990425	0.994703	0.990465	0.991925	0.996255
6.853829	1.006089	0.995344	0.010745	1.005443	0.994699	0.990458	1.011453	1.000650
6.890204	1.001736	0.989591	0.012146	1.006879	0.994696	0.990453	1.007080	0.994869
6.926578	0.990160	0.998761	-0.008601	0.986067	0.994694	0.990449	0.995443	1.004090
6.962974	0.987668	0.993020	-0.005352	0.989355	0.994693	0.990447	0.992939	0.998320
6.999371	0.992989	0.990103	0.002886	0.997612	0.994693	0.990447	0.998289	0.995387
7.035722	0.987963	0.990264	-0.002302	0.992425	0.994694	0.990448	0.993235	0.995549
7.072107	0.996973	0.990552	0.006421	1.001147	0.994695	0.990451	1.002292	0.995836
7.108504	1.004874	0.995920	0.008953	1.003646	0.994698	0.990456	1.010232	1.001231
7.144878	0.993447	0.996787	-0.003340	0.991351	0.994701	0.990462	0.998741	1.002099
7.181263	0.997874	0.998736	-0.000862	0.993821	0.994705	0.990469	1.003187	1.004054
7.217671	0.997243	0.995869	0.001374	0.996084	0.994710	0.990479	1.002548	1.001166
7.254045	1.002737	0.998284	0.004453	0.999157	0.994716	0.990490	1.008065	1.003588
7.290441	0.994929	0.995224	-0.000295	0.994431	0.994723	0.990502	1.000209	1.000505
7.326816	0.997528	0.998918	-0.001391	0.993320	0.994731	0.990516	1.002813	1.004211
7.363200	0.995241	0.991714	0.003528	0.998292	0.994740	0.990532	1.000506	0.996960
7.399597	1.001172	0.996504	0.004667	0.999415	0.994749	0.990549	1.006458	1.001766
7.435982	0.998706	0.994829	0.003877	0.998641	0.994760	0.990568	1.003969	1.000071
7.472355	0.996615	0.992018	0.004597	0.999390	0.994771	0.990588	1.001855	0.997234
7.508751	0.991876	0.990443	0.001432	0.996247	0.994784	0.990610	0.997079	0.995639
7.545149	0.984786	0.991511	-0.006725	0.988096	0.994797	0.990634	0.989939	0.996699
7.581512	0.995108	0.989190	0.005918	1.000768	0.994811	0.990659	1.000301	0.994352
7.617896	0.987770	0.993977	-0.006206	0.988629	0.994825	0.990686	0.992910	0.999149
7.654282	0.990618	0.994612	-0.003994	0.990851	0.994841	0.990714	0.995757	0.999771
7.690678	0.998327	0.993691	0.004636	0.999505	0.994858	0.990744	1.003490	0.998829
7.727052	1.001700	0.996569	0.005131	0.999999	0.994875	0.990775	1.006862	1.001705
7.763427	0.996311	0.998491	-0.002180	0.992694	0.994893	0.990808	1.001426	1.003618
7.799856	0.996979	1.003246	-0.006267	0.988595	0.994913	0.990843	1.002079	1.008378
7.836209	0.993335	1.002581	-0.009246	0.985643	0.994932	0.990879	0.998396	1.007690
7.872615	1.005012	0.999902	0.005110	1.000043	0.994953	0.990916	1.010111	1.004975
7.908967	0.993783	0.997321	-0.003538	0.991429	0.994975	0.990955	0.998804	1.002359
7.945385	1.008340	1.001448	0.006892	1.001852	0.994998	0.990996	1.013412	1.006485
7.981749	0.999135	0.999625	-0.000490	0.994504	0.995021	0.991038	1.004136	1.004629
8.018167	0.996805	0.995077	0.001729	0.996779	0.995045	0.991081	1.001771	1.000034
8.054520	1.007520	0.995847	0.011673	1.006742	0.995070	0.991126	1.012513	1.000783
8.090949	1.000007	0.998630	0.001378	0.996457	0.995096	0.991173	1.004938	1.003553
8.129145	0.999718	0.992984	0.006734	1.001878	0.995124	0.991223	1.004618	0.997851
8.167341	0.999065	0.989851	0.009214	1.004403	0.995153	0.991275	1.003933	0.994674
8.203738	0.991766	0.991723	0.000043	0.995250	0.995181	0.991327	0.996570	0.996527
8.240122	0.993204	0.994612	-0.001408	0.993810	0.995211	0.991379	0.997986	0.999400
8.276497	0.993162	0.991819	0.001344	0.996609	0.995241	0.991433	0.997914	0.996564
8.312881	0.994207	0.992200	0.002007	0.997300	0.995271	0.991489	0.998933	0.996916
8.349277	0.979773	0.994744	-0.014971	0.980341	0.995303	0.991545	0.984399	0.999440
8.385664	1.002732	0.998612	0.004120	0.999439	0.995335	0.991604	1.007433	1.003294
8.422049	1.002045	1.003909	-0.001865	0.993454	0.995369	0.991663	1.006709	1.008583
8.458412	1.007288	1.000344	0.006944	1.002321	0.995402	0.991724	1.011943	1.004966
8.494808	1.009065	1.002363	0.006702	1.002100	0.995437	0.991787	1.013693	1.006960
8.531181	0.996665	0.999239	-0.002573	0.992895	0.995473	0.991851	1.001200	1.003785
8.567579	1.005348	0.993368	0.011980	1.007517	0.995509	0.991916	1.009886	0.997852
8.603965	1.000146	0.993597	0.006549	1.002109	0.995546	0.991983	1.004623	0.998044
8.640348	0.996490	0.994105	0.002385	0.997982	0.995584	0.992050	1.000912	0.998516
8.676734	1.000124	0.996859	0.003265	0.998883	0.995622	0.992120	1.004524	1.001245
8.714219	0.996641	0.992400	0.004241	0.999925	0.995662	0.992192	1.000985	0.996726
8.753126	0.996504	0.996334	0.000170	0.995875	0.995705	0.992269	1.000804	1.000633
8.790266	0.999319	0.997203	0.002117	0.997858	0.995747	0.992344	1.003590	1.001464
8.829552	0.989620	0.993640	-0.004019	0.991789	0.995792	0.992425	0.993805	0.997841
8.865949	0.979527	0.990737	-0.011210	0.984659	0.995834	0.992501	0.983627	0.994884
8.902332	0.993721	0.994694	-0.000973	0.994912	0.995877	0.992578	0.997838	0.998815
8.938719	0.994847	0.988130	0.006717	1.002683	0.995920	0.992657	0.998924	0.992180
8.975082	0.985124	0.988201	-0.003077	0.992931	0.995965	0.992736	0.989118	0.992207
9.011844	1.003676	0.994816	0.008861	1.004880	0.996010	0.992818	1.007699	0.998803
9.051508	1.002560	1.001787	0.000774	0.996805	0.996060	0.992908	1.006528	1.005752
9.090435	1.002723	0.995566	0.007157	1.003273	0.996109	0.992997	1.006641	0.999457
9.127911	1.005052	1.002173	0.002878	0.999009	0.996158	0.993084	1.008930	1.006041
9.164286	0.999105	1.004632	-0.005527	0.990635	0.996206	0.993170	1.002912	1.008461
9.200692	1.000763	1.001592	-0.000829	0.995402	0.996254	0.993257	1.004528	1.005360
9.237421	1.002391	1.001922	0.000469	0.996748	0.996303	0.993346	1.006112	1.005642
9.277095	0.999842	0.998332	0.001510	0.997865	0.996358	0.993444	1.003499	1.001984
9.313470	1.006951	1.000910	0.006041	1.002429	0.996408	0.993534	1.010583	1.004520
9.349854	1.001783	0.995232	0.006551	1.003021	0.996459	0.993626	1.005345	0.998771
9.386251	0.998634	0.995478	0.003155	0.999677	0.996510	0.993718	1.002133	0.998967
9.422647	0.993424	0.993716	-0.000292	0.996288	0.996562	0.993812	0.996852	0.997146
9.459032	1.001097	0.993709	0.007388	1.004024	0.996615	0.993907	1.004499	0.997086
9.495397	0.984161	0.993908	-0.009746	0.986938	0.996668	0.994002	0.987454	0.997232
9.531803	0.999927	0.994460	0.005467	1.002203	0.996722	0.994099	1.003218	0.997733
9.568533	0.991976	0.987942	0.004034	1.000853	0.996777	0.994198	0.995185	0.991138
9.608207	0.993731	0.992020	0.001710	0.998571	0.996836	0.994306	0.996886	0.995170
9.644581	0.991190	0.987094	0.004097	1.001033	0.996892	0.994405	0.994283	0.990173
9.680965	0.994861	0.993311	0.001550	0.998517	0.996948	0.994506	0.997909	0.996354
9.717361	0.994055	0.988773	0.005282	1.002323	0.997004	0.994608	0.997044	0.991746
9.753748	0.992424	0.991023	0.001402	0.998491	0.997061	0.994710	0.995351	0.993945
9.790121	0.993712	1.001306	-0.007593	0.989510	0.997119	0.994814	0.996586	1.004201
9.826495	0.994228	0.993419	0.000809	0.998008	0.997177	0.994918	0.997045	0.996234
9.862903	0.989087	1.003259	-0.014173	0.983042	0.997235	0.995023	0.991831	1.006043
9.899287	1.002831	0.998812	0.004019	1.001314	0.997294	0.995129	1.005554	1.001524
9.937130	1.009447	0.998860	0.010587	1.007946	0.997356	0.995240	1.012125	1.001511
9.978213	1.002135	0.994983	0.007152	1.004595	0.997423	0.995362	1.004726	0.997556
10.015709	0.994912	0.993878	0.001034	0.998542	0.997485	0.995474	0.997422	0.996386
10.052095	0.993493	0.993155	0.000338	0.997905	0.997546	0.995583	0.995939	0.995600
10.088491	0.989361	0.995058	-0.005697	0.991925	0.997607	0.995693	0.991736	0.997446
10.125232	0.985169	0.991595	-0.006426	0.991268	0.997669	0.995805	0.987473	0.993914
10.164894	0.979031	0.990046	-0.011015	0.986752	0.997737	0.995926	0.981253	0.992293
10.201290	0.986326	0.989784	-0.003458	0.994372	0.997799	0.996038	0.988503	0.991969
10.237678	0.987687	0.988913	-0.001226	0.996669	0.997862	0.996151	0.989805	0.991034
10.274061	0.994552	0.989101	0.005451	1.003407	0.997925	0.996265	0.996622	0.991160
10.310425	0.989616	0.984187	0.005429	1.003460	0.997988	0.996379	0.991613	0.986173
10.346831	0.992186	0.986314	0.005872	1.003962	0.998052	0.996494	0.994124	0.988240
10.383205	0.988966	0.985763	0.003204	1.001358	0.998116	0.996609	0.990835	0.987625
10.419580	0.991148	0.987265	0.003883	1.002098	0.998180	0.996725	0.992957	0.989067
10.455965	0.991919	0.989061	0.002858	1.001133	0.998245	0.996841	0.993664	0.990801
10.492351	0.995943	0.994372	0.001571	0.999897	0.998310	0.996958	0.997631	0.996057
10.528758	0.995161	0.997641	-0.002479	0.995902	0.998375	0.997076	0.996782	0.999266
10.565131	1.002771	0.995625	0.007146	1.005600	0.998441	0.997194	1.004339	0.997182
10.601506	0.998091	1.000742	-0.002652	0.995852	0.998507	0.997312	0.999585	1.002241
10.637913	0.999973	0.998393	0.001579	1.000162	0.998573	0.997431	1.001403	0.999822
10.674288	0.990430	0.997952	-0.007522	0.991133	0.998639	0.997550	0.991781	0.999313
10.710673	0.989930	0.988932	0.000998	0.999731	0.998706	0.997670	0.991215	0.990215
10.747059	0.991842	0.989658	0.002183	1.000982	0.998772	0.997790	0.993062	0.990876
10.783443	0.983961	0.991735	-0.007774	0.991087	0.998839	0.997911	0.985106	0.992889
10.819829	0.996664	0.987438	0.009226	1.008162	0.998906	0.998032	0.997757	0.988521
10.856202	1.002739	0.994023	0.008716	1.007706	0.998974	0.998153	1.003771	0.995045
10.892610	0.993858	0.987830	0.006029	1.005095	0.999041	0.998274	0.994813	0.988779
10.928995	0.984318	0.993768	-0.009450	0.989674	0.999109	0.998396	0.985197	0.994655
10.965392	0.989676	0.986957	0.002719	1.001921	0.999177	0.998518	0.990493	0.987771
11.001765	0.982245	0.991078	-0.008833	0.990430	0.999245	0.998640	0.982988	0.991829
11.038151	0.996408	0.988142	0.008267	1.007602	0.999313	0.998763	0.997095	0.988822
11.074536	0.984696	0.993999	-0.009303	0.990093	0.999381	0.998886	0.985307	0.994616
11.110921	0.998204	0.993547	0.004657	1.004122	0.999449	0.999009	0.998755	0.994096
11.147306	1.003479	0.997908	0.005571	1.005096	0.999518	0.999132	1.003965	0.998391
11.183692	0.989860	0.997304	-0.007444	0.992150	0.999586	0.999255	0.990271	0.997719
11.220098	0.998983	0.998195	0.000788	1.000453	0.999655	0.999378	0.999329	0.998541
11.256462	0.991181	0.991908	-0.000727	0.999012	0.999723	0.999502	0.991457	0.992184
11.292870	0.985790	0.993070	-0.007281	0.992527	0.999792	0.999625	0.985996	0.993278
11.329232	0.990311	0.994165	-0.003854	0.996020	0.999860	0.999749	0.990450	0.994305
11.365639	1.000390	0.995724	0.004666	1.004606	0.999929	0.999873	1.000462	0.995795
11.402014	0.994736	1.001158	-0.006422	0.993579	0.999998	0.999996	0.994739	1.001161
11.438398	0.991377	0.992016	-0.000639	0.999440	1.000067	1.000120	0.991313	0.991951
11.474784	0.991991	0.991394	0.000597	1.000745	1.000135	1.000243	0.991858	0.991261
11.511158	0.987483	0.993199	-0.005716	0.994498	1.000204	1.000367	0.987283	0.992998
11.547554	0.997209	0.992568	0.004641	1.004924	1.000273	1.000491	0.996938	0.992299
11.583929	0.985267	0.988627	-0.003360	0.996992	1.000341	1.000614	0.984932	0.988291
11.621413	0.990555	0.987899	0.002657	1.003081	1.000412	1.000741	0.990149	0.987493
11.660342	0.982708	0.988583	-0.005876	0.994619	1.000485	1.000873	0.982232	0.988105
11.696740	0.985243	0.986182	-0.000939	0.999625	1.000553	1.000996	0.984699	0.985637
11.733114	0.994018	0.985645	0.008373	1.009002	1.000622	1.001119	0.993402	0.985034
11.769487	0.998864	0.991491	0.007372	1.008072	1.000690	1.001242	0.998176	0.990809
11.805883	0.998053	0.995854	0.002199	1.002964	1.000758	1.001364	0.997298	0.995101
11.842279	0.992273	0.994009	-0.001736	0.999099	1.000826	1.001487	0.991455	0.993189
11.878666	1.003831	0.998846	0.004985	1.005885	1.000894	1.001608	1.002936	0.997955
11.915040	0.994744	0.996067	-0.001323	0.999649	1.000961	1.001730	0.993789	0.995111
11.951435	0.993595	0.996197	-0.002603	0.998431	1.001029	1.001852	0.992575	0.995174
11.987833	0.993697	0.996202	-0.002506	0.998596	1.001096	1.001973	0.992610	0.995112
12.024196	0.982976	0.992958	-0.009981	0.991186	1.001163	1.002094	0.981835	0.991805
12.060569	0.987570	0.989106	-0.001537	0.999694	1.001230	1.002214	0.986357	0.987892
12.096967	0.989426	0.990240	-0.000813	1.000486	1.001297	1.002334	0.988145	0.988958
12.133350	0.995055	0.990481	0.004574	1.005938	1.001363	1.002454	0.993701	0.989133
12.170103	0.993131	0.993299	-0.000168	1.001265	1.001430	1.002575	0.991714	0.991881
12.209777	0.996049	0.990345	0.005703	1.007205	1.001502	1.002704	0.994555	0.988860
12.246140	0.996344	0.988607	0.007738	1.009301	1.001568	1.002822	0.994785	0.987059
12.282537	0.991608	0.989221	0.002387	1.004016	1.001634	1.002940	0.989992	0.987609
12.318921	0.986183	0.987794	-0.001611	1.000081	1.001699	1.003058	0.984511	0.986119
12.355318	0.995935	0.990223	0.005712	1.007473	1.001764	1.003175	0.994182	0.988481
12.391680	0.997340	0.992143	0.005198	1.007024	1.001828	1.003291	0.995521	0.990332
12.428088	0.992257	0.999462	-0.007205	0.994692	1.001893	1.003407	0.990383	0.997574
12.464461	0.989779	0.995932	-0.006153	0.995805	1.001957	1.003522	0.987847	0.993988
12.500848	0.996932	1.002337	-0.005405	0.996621	1.002020	1.003637	0.994922	1.000317
12.540177	1.004568	0.999558	0.005009	1.007106	1.002089	1.003760	1.002474	0.997475
12.577284	0.987695	0.994059	-0.006364	0.995787	1.002153	1.003876	0.985574	0.991924
12.613669	0.985348	0.989768	-0.004421	0.997783	1.002216	1.003988	0.983169	0.987580
12.650043	0.988251	0.995658	-0.007407	0.994869	1.002278	1.004100	0.986005	0.993396
12.686450	0.992556	0.990742	0.001814	1.004143	1.002340	1.004212	0.990239	0.988429
12.722847	0.983227	0.989658	-0.006432	0.995956	1.002401	1.004323	0.980872	0.987288
12.759199	0.987735	0.985338	0.002397	1.004830	1.002462	1.004432	0.985309	0.982918
12.795594	0.985634	0.988254	-0.002619	0.999884	1.002523	1.004542	0.983154	0.985767
12.831980	0.995154	0.992418	0.002736	1.005309	1.002583	1.004650	0.992590	0.989861
12.868354	0.970228	0.986973	-0.016745	0.985871	1.002643	1.004758	0.967670	0.984371
12.904739	0.978302	0.987906	-0.009603	0.993075	1.002702	1.004864	0.975666	0.985243
12.941125	0.999662	0.991074	0.008587	1.011333	1.002761	1.004970	0.996909	0.988345
12.977521	0.986362	0.989462	-0.003099	0.999700	1.002820	1.005076	0.983589	0.986680
13.013896	0.984000	0.989956	-0.005956	0.996902	1.002878	1.005180	0.981177	0.987115
13.050680	0.987321	0.994461	-0.007140	0.995786	1.002936	1.005285	0.984431	0.991550
13.090321	0.992790	0.996691	-0.003901	0.999092	1.002998	1.005396	0.989823	0.993712
13.126695	0.990657	0.996191	-0.005534	0.997515	1.003054	1.005498	0.987641	0.993158
13.163102	1.007489	0.999229	0.008260	1.011372	1.003110	1.005599	1.004365	0.996130
13.199466	0.994725	1.001475	-0.006751	0.996420	1.003166	1.005698	0.991585	0.998315
13.235862	0.989039	0.996020	-0.006981	0.996233	1.003221	1.005797	0.985864	0.992823
13.272258	0.993347	0.992749	0.000598	1.003855	1.003275	1.005895	0.990104	0.989509
13.308654	0.987416	0.990088	-0.002672	1.000629	1.003329	1.005992	0.984140	0.986803
13.345029	0.989856	0.990327	-0.000471	1.002883	1.003382	1.006088	0.986519	0.986989
13.381392	0.986088	0.987067	-0.000978	1.002419	1.003435	1.006182	0.982713	0.983688
13.417788	1.001786	0.991454	0.010332	1.013794	1.003487	1.006276	0.998305	0.988009
13.454529	0.977588	0.986954	-0.009365	0.994131	1.003539	1.006370	0.974141	0.983473
13.494213	0.983749	0.989973	-0.006224	0.997339	1.003594	1.006469	0.980226	0.986428
13.532032	0.990650	0.990821	-0.000171	1.003446	1.003646	1.006564	0.987050	0.987221
13.570616	0.992630	0.990366	0.002264	1.005932	1.003699	1.006658	0.988971	0.986716
13.607013	0.988539	0.988419	0.000120	1.003829	1.003748	1.006746	0.984847	0.984728
13.643388	0.975585	0.987837	-0.012252	0.991501	1.003796	1.006833	0.971895	0.984101
13.679749	0.988481	0.987118	0.001363	1.005160	1.003844	1.006919	0.984696	0.983338
13.716157	0.993034	0.989857	0.003177	1.007030	1.003891	1.007004	0.989184	0.986020
13.752542	0.993571	0.993332	0.000238	1.004151	1.003937	1.007087	0.989673	0.989436
13.799837	1.004709	0.996349	0.008360	1.012341	1.003997	1.007194	1.000709	0.992382
14.079977	1.006220	1.004974	0.001246	1.009038	1.004324	1.007784	0.998447	0.997210
14.116350	1.007669	1.004613	0.003055	1.010913	1.004364	1.007855	0.999814	0.996782
14.152736	1.001530	1.003654	-0.002123	1.005796	1.004403	1.007925	0.993655	0.995761
14.189121	0.999274	1.002455	-0.003181	1.004803	1.004441	1.007993	0.991349	0.994504
14.225507	1.003789	1.005362	-0.001573	1.006503	1.004478	1.008060	0.995762	0.997322
14.261902	0.994541	1.003560	-0.009018	0.999110	1.004514	1.008126	0.986523	0.995469
14.298276	1.005722	1.003996	0.001726	1.009911	1.004550	1.008190	0.997550	0.995838
14.334684	1.001033	1.005185	-0.004152	1.004107	1.004585	1.008253	0.992837	0.996955
14.371046	0.996031	1.005170	-0.009140	0.999183	1.004619	1.008315	0.987816	0.996880
14.407433	1.009444	1.004943	0.004501	1.012874	1.004653	1.008375	1.001058	0.996595
14.443807	1.004985	1.008039	-0.003054	1.005391	1.004685	1.008434	0.996579	0.999607
14.481691	1.005343	1.007404	-0.002060	1.006441	1.004719	1.008493	0.996875	0.998918
14.520222	1.006001	1.008102	-0.002101	1.006462	1.004751	1.008552	0.997469	0.999552
14.556629	1.017031	1.006959	0.010072	1.018686	1.004782	1.008607	1.008350	0.998364
14.593002	1.003204	1.003088	0.000116	1.008780	1.004811	1.008660	0.994589	0.994474
14.629377	1.018557	1.006308	0.012249	1.020964	1.004840	1.008711	1.009759	0.997616
14.665772	1.007142	1.005999	0.001144	1.009911	1.004867	1.008761	0.998393	0.997259
14.702180	1.004423	1.006779	-0.002355	1.006460	1.004894	1.008810	0.995650	0.997984
14.738544	1.010861	1.006104	0.004757	1.013616	1.004920	1.008857	1.001984	0.997269
14.774928	1.006916	1.004279	0.002637	1.011537	1.004946	1.008903	0.998029	0.995415
14.811313	0.994110	1.001866	-0.007756	1.001177	1.004970	1.008947	0.985293	0.992980
14.850276	1.008150	1.004530	0.003620	1.012609	1.004996	1.008992	0.999163	0.995576
14.887707	1.008806	1.003537	0.005269	1.014286	1.005019	1.009034	0.999771	0.994550
14.924113	0.993729	1.002685	-0.008956	1.000098	1.005041	1.009074	0.984791	0.993666
14.961943	0.994446	1.003341	-0.008895	1.000199	1.005063	1.009113	0.985463	0.994278
15.003083	1.001016	1.002374	-0.001358	1.007775	1.005086	1.009154	0.991933	0.993279
15.040535	0.999900	1.003820	-0.003921	1.005259	1.005105	1.009190	0.990792	0.994677
15.076921	1.001715	1.007136	-0.005421	1.003806	1.005124	1.009223	0.992559	0.997930
15.113295	1.012589	1.009057	0.003533	1.012799	1.005141	1.009254	1.003302	0.999802
15.149701	1.006500	1.004228	0.002271	1.011546	1.005158	1.009284	0.997238	0.994988
15.186087	1.007422	1.006637	0.000786	1.010103	1.005174	1.009313	0.998124	0.997346
15.222472	0.992591	1.008338	-0.015747	0.993603	1.005188	1.009339	0.983404	0.999005
15.258846	1.010119	1.002476	0.007642	1.016998	1.005203	1.009365	1.000745	0.993173
15.295241	1.007071	1.008371	-0.001300	1.008097	1.005216	1.009388	0.997702	0.998990
15.331628	1.006245	1.002049	0.004196	1.013598	1.005228	1.009410	0.996861	0.992705
15.368024	1.004696	1.004950	-0.000255	1.009168	1.005239	1.009431	0.995306	0.995559
15.404754	1.005993	1.003868	0.002124	1.011556	1.005250	1.009450	0.996572	0.994468
15.444427	1.001415	1.005713	-0.004298	1.005165	1.005260	1.009469	0.992019	0.996277
15.481535	1.007040	1.006788	0.000252	1.009736	1.005269	1.009485	0.997576	0.997326
15.520819	1.010556	1.004557	0.006000	1.015485	1.005278	1.009500	1.001044	0.995101
15.557204	1.000345	1.004699	-0.004354	1.005147	1.005284	1.009512	0.990917	0.995229
15.593590	1.010875	1.004973	0.005902	1.015416	1.005290	1.009523	1.001337	0.995491
15.629976	1.009181	1.003659	0.005522	1.015031	1.005295	1.009532	0.999649	0.994180
15.666372	1.005051	1.002447	0.002604	1.012107	1.005300	1.009539	0.995551	0.992972
15.703135	1.004113	1.004038	0.000075	1.009601	1.005303	1.009545	0.994616	0.994542
15.742774	1.011384	1.008731	0.002653	1.012212	1.005305	1.009550	1.001814	0.999186
15.779148	1.013405	1.005900	0.007505	1.017052	1.005307	1.009552	1.003813	0.996379
15.815546	1.009397	1.007133	0.002264	1.011818	1.005307	1.009553	0.999842	0.997600
15.851931	0.994509	1.007923	-0.013414	0.996144	1.005307	1.009552	0.985095	0.998383
15.888337	1.003538	1.005188	-0.001650	1.007896	1.005306	1.009550	0.994041	0.995676
15.924690	1.006915	1.005585	0.001330	1.010870	1.005304	1.009546	0.997391	0.996073
15.961086	1.002371	1.001690	0.000681	1.010203	1.005300	1.009541	0.992895	0.992221
15.997460	0.997823	1.004157	-0.006334	1.003185	1.005296	1.009534	0.988397	0.994671
16.033857	1.013592	1.004550	0.009042	1.018552	1.005292	1.009525	1.004025	0.995069
16.070219	1.001091	1.004754	-0.003662	1.005839	1.005286	1.009515	0.991653	0.995281
16.106638	1.011929	1.004365	0.007565	1.017053	1.005279	1.009503	1.002401	0.994907
16.143002	1.004065	1.002084	0.001981	1.011451	1.005272	1.009489	0.994624	0.992661
16.179420	0.996341	1.003223	-0.006882	1.002581	1.005263	1.009474	0.986987	0.993805
16.215773	0.995699	1.004120	-0.008421	1.001020	1.005254	1.009458	0.986367	0.994709
16.252190	1.011114	1.004007	0.007107	1.016529	1.005244	1.009439	1.001655	0.994615
16.288553	0.999075	1.004666	-0.005591	1.003816	1.005233	1.009420	0.989749	0.995287
16.324938	1.003432	1.004342	-0.000910	1.008475	1.005221	1.009398	0.994086	0.994987
16.361313	1.009525	1.004879	0.004646	1.014011	1.005208	1.009375	1.000145	0.995542
16.397709	1.013092	1.003691	0.009401	1.018732	1.005195	1.009351	1.003703	0.994390
16.434072	1.018437	1.009332	0.009106	1.018444	1.005180	1.009325	1.009025	1.000003
16.470501	1.005132	1.006516	-0.001384	1.007915	1.005165	1.009297	0.995870	0.997241
16.506865	1.006318	1.009132	-0.002814	1.006467	1.005149	1.009268	0.997074	0.999862
16.543249	0.988572	1.004223	-0.015650	0.993585	1.005132	1.009237	0.979521	0.995028
16.579636	0.998443	1.005249	-0.006806	1.002393	1.005114	1.009205	0.989333	0.996077
16.616020	1.010982	1.005098	0.005884	1.015048	1.005095	1.009171	1.001791	0.995961
16.652407	1.014770	1.003855	0.010914	1.020035	1.005075	1.009135	1.005580	0.994765
16.688801	0.997361	1.004295	-0.006934	1.002155	1.005055	1.009098	0.988365	0.995236
16.725164	1.005197	1.001461	0.003736	1.012776	1.005033	1.009060	0.996169	0.992466
16.761572	0.994094	1.001449	-0.007355	1.001631	1.005011	1.009020	0.985204	0.992493
16.797968	1.003786	1.003098	0.000688	1.009659	1.004988	1.008978	0.994850	0.994168
16.834343	0.992288	1.001756	-0.009468	0.999436	1.004964	1.008935	0.983497	0.992881
16.870739	0.993332	1.002380	-0.009047	0.999825	1.004939	1.008891	0.984575	0.993542
16.907112	1.004354	1.001707	0.002648	1.011471	1.004914	1.008845	0.995545	0.992921
16.943499	1.004813	1.001777	0.003036	1.011805	1.004887	1.008798	0.996047	0.993037
16.979883	1.007572	1.002491	0.005080	1.013810	1.004860	1.008749	0.998830	0.993793
17.016270	1.012489	1.004453	0.008035	1.016728	1.004832	1.008698	1.003754	0.995788
17.052675	1.006549	1.004452	0.002097	1.010738	1.004804	1.008646	0.997917	0.995838
17.089062	1.006973	1.002220	0.004753	1.013335	1.004774	1.008593	0.998390	0.993677
17.125446	1.005057	1.007210	-0.002152	1.006395	1.004743	1.008538	0.996545	0.998679
17.161808	1.008206	1.004188	0.004018	1.012499	1.004712	1.008482	0.999723	0.995739
17.198195	1.002344	1.003211	-0.000867	1.007552	1.004680	1.008425	0.993967	0.994827
17.234591	1.011436	1.002856	0.008581	1.016935	1.004647	1.008365	1.003042	0.994532
17.270987	1.001989	1.003033	-0.001044	1.007254	1.004614	1.008305	0.993732	0.994768
17.307350	1.004483	1.001889	0.002595	1.010827	1.004580	1.008243	0.996267	0.993694
17.343756	1.004255	1.000343	0.003912	1.012073	1.004544	1.008180	0.996103	0.992223
17.380131	1.001569	1.002479	-0.000910	1.007194	1.004509	1.008115	0.993503	0.994405
17.416506	0.993795	1.000886	-0.007091	1.000934	1.004472	1.008050	0.985856	0.992890
17.452902	1.004062	1.000616	0.003447	1.011418	1.004435	1.007982	0.996108	0.992688
17.491854	1.019310	1.000648	0.018662	1.026544	1.004394	1.007909	1.011308	0.992792
17.530760	1.014150	1.001121	0.013029	1.020845	1.004352	1.007834	1.006264	0.993336
17.572968	0.992207	0.999909	-0.007701	1.000017	1.004306	1.007751	0.984572	0.992214
17.609352	0.998532	0.998636	-0.000104	1.007559	1.004266	1.007678	0.990920	0.991024
17.645739	1.004158	0.999708	0.004450	1.012008	1.004224	1.007604	0.996576	0.992160
17.682158	0.992142	0.999602	-0.007460	1.000055	1.004182	1.007528	0.984726	0.992129
17.718508	0.997295	0.999491	-0.002196	1.005245	1.004140	1.007451	0.989915	0.992095
17.754904	0.998744	1.001688	-0.002944	1.004424	1.004096	1.007373	0.991430	0.994353
17.794178	1.005847	1.002272	0.003576	1.010863	1.004049	1.007288	0.998566	0.995016
17.831308	0.996436	0.998116	-0.001680	1.005518	1.004003	1.007206	0.989304	0.990972
17.867704	1.002048	1.000490	0.001558	1.008686	1.003958	1.007124	0.994956	0.993409
17.904823	1.006231	1.001632	0.004598	1.011635	1.003911	1.007039	0.999193	0.994627
17.944096	1.002879	0.998121	0.004758	1.011692	1.003860	1.006948	0.995955	0.991230
17.980482	1.009402	1.000338	0.009065	1.015924	1.003813	1.006863	1.002519	0.993516
18.016867	0.994396	0.998479	-0.004083	1.002676	1.003765	1.006776	0.987700	0.991755
18.053265	0.992373	0.999052	-0.006680	0.999994	1.003716	1.006688	0.985776	0.992411
18.089638	0.993070	1.000359	-0.007289	0.999306	1.003666	1.006600	0.986556	0.993797
18.126011	1.005659	0.999760	0.005899	1.012397	1.003616	1.006510	0.999151	0.993290
18.162407	0.998583	0.999153	-0.000570	1.005837	1.003566	1.006418	0.992211	0.992778
18.201004	0.988272	0.998286	-0.010014	0.996276	1.003512	1.006321	0.982061	0.992012
18.238811	0.994584	0.998194	-0.003610	1.002581	1.003458	1.006224	0.988429	0.992016
18.275208	1.003299	0.998309	0.004989	1.011092	1.003405	1.006129	0.997183	0.992224
18.311604	0.996327	0.999151	-0.002825	1.003201	1.003352	1.006034	0.990347	0.993155
18.347965	1.006648	0.999497	0.007151	1.013091	1.003299	1.005938	1.000702	0.993594
18.384375	1.003631	0.997811	0.005820	1.011642	1.003245	1.005840	0.997800	0.992014
18.420736	0.998719	0.999535	-0.000816	1.004928	1.003190	1.005742	0.993014	0.993825
18.457146	0.994909	0.999194	-0.004284	1.001364	1.003135	1.005643	0.989324	0.993584
18.493519	0.998672	0.997772	0.000900	1.006450	1.003079	1.005542	0.993164	0.992269
18.529903	0.990042	0.996705	-0.006663	0.998772	1.003023	1.005441	0.984681	0.991308
18.566288	1.010759	0.996410	0.014349	1.019692	1.002966	1.005339	1.005388	0.991115
18.602686	0.993824	0.999454	-0.005630	0.999611	1.002909	1.005236	0.988644	0.994245
18.639071	0.996096	0.996727	-0.000630	1.004485	1.002851	1.005132	0.991007	0.991634
18.675457	0.996322	0.997153	-0.000831	1.004185	1.002793	1.005027	0.991335	0.992161
18.711830	1.002347	0.997535	0.004813	1.009732	1.002734	1.004922	0.997434	0.992646
18.749292	0.996954	0.997027	-0.000073	1.004722	1.002674	1.004812	0.992176	0.992249
18.788244	0.994955	0.996776	-0.001821	1.002853	1.002610	1.004698	0.990300	0.992113
18.824640	0.996490	0.996074	0.000416	1.005002	1.002550	1.004589	0.991934	0.991520
18.861025	0.998463	0.996422	0.002042	1.006499	1.002489	1.004481	0.994006	0.991974
18.897400	1.001984	0.996651	0.005333	1.009692	1.002428	1.004371	0.997620	0.992310
18.933775	0.991281	0.996549	-0.005268	0.998968	1.002367	1.004261	0.987072	0.992318
18.970194	0.988538	0.996635	-0.008097	0.996052	1.002305	1.004150	0.984450	0.992513
19.006544	0.985401	0.996455	-0.011054	0.992987	1.002243	1.004038	0.981435	0.992445
19.042940	0.997345	0.996824	0.000521	1.004457	1.002181	1.003926	0.993442	0.992923
19.079315	0.995679	0.995524	0.000155	1.003992	1.002118	1.003812	0.991894	0.991740
19.115711	0.994931	0.997567	-0.002636	1.001079	1.002055	1.003699	0.991261	0.993888
19.152096	0.990731	0.997427	-0.006696	0.996906	1.001991	1.003584	0.987190	0.993861
19.188494	0.987587	0.992092	-0.004505	0.998990	1.001927	1.003469	0.984170	0.988660
19.224878	0.989048	0.995035	-0.005988	0.997372	1.001863	1.003354	0.985739	0.991706
19.261263	0.984016	0.996156	-0.012140	0.991105	1.001799	1.003238	0.980837	0.992938
19.297626	0.995388	0.995324	0.000065	1.003187	1.001734	1.003121	0.992288	0.992224
19.336222	0.996249	0.995566	0.000683	1.003688	1.001665	1.002997	0.993269	0.992588
19.376219	0.994974	0.994808	0.000167	1.003024	1.001593	1.002868	0.992127	0.991960
19.415148	1.005196	0.994251	0.010945	1.013706	1.001523	1.002741	1.002446	0.991530
19.454100	0.998883	0.994819	0.004065	1.006658	1.001452	1.002614	0.996276	0.992222
19.490484	0.986321	0.995019	-0.008698	0.993805	1.001386	1.002495	0.983864	0.992540
19.526859	0.996729	0.994563	0.002167	1.004540	1.001320	1.002375	0.994365	0.992203
19.563244	0.988362	0.993734	-0.005372	0.996898	1.001253	1.002255	0.986136	0.991495
19.599640	0.995191	0.994455	0.000736	1.002878	1.001186	1.002135	0.993068	0.992334
19.636036	0.992463	0.992079	0.000384	1.002431	1.001119	1.002014	0.990465	0.990082
19.672422	1.001842	0.993851	0.007991	1.009917	1.001052	1.001893	0.999947	0.991971
19.708807	0.990292	0.994315	-0.004023	0.997769	1.000984	1.001772	0.988538	0.992554
19.745203	0.982527	0.994291	-0.011764	0.989904	1.000917	1.001650	0.980906	0.992651
19.781599	0.989617	0.993300	-0.003683	0.997861	1.000849	1.001528	0.988105	0.991782
19.817951	0.985074	0.993611	-0.008537	0.992881	1.000781	1.001406	0.983689	0.992213
19.855080	1.003466	0.993493	0.009973	1.011265	1.000712	1.001281	1.002180	0.992219
19.894365	0.994027	0.993018	0.001009	1.002174	1.000638	1.001149	0.992884	0.991876
19.930761	0.983752	0.993723	-0.009972	0.991075	1.000570	1.001026	0.982741	0.992703
19.967136	0.993013	0.993046	-0.000033	1.000878	1.000502	1.000903	0.992115	0.992148
20.003521	0.992487	0.993032	-0.000545	1.000247	1.000433	1.000780	0.991711	0.992256
20.039917	0.988819	0.992549	-0.003729	0.996929	1.000365	1.000656	0.988169	0.991895
20.076303	0.996204	0.993001	0.003204	1.003729	1.000296	1.000533	0.995672	0.992470
20.112720	0.987803	0.992645	-0.004842	0.995575	1.000227	1.000409	0.987397	0.992237
20.149084	0.998143	0.993455	0.004689	1.005003	1.000159	1.000286	0.997856	0.993169
20.185457	1.003023	0.993440	0.009582	1.009775	1.000090	1.000162	1.002858	0.993277
20.222210	0.992274	0.992674	-0.000400	0.999664	1.000021	1.000037	0.992235	0.992636
20.261885	1.001165	0.991951	0.009214	1.009149	0.999946	0.999902	1.001260	0.992046
20.298281	0.987182	0.992624	-0.005443	0.994368	0.999877	0.999779	0.987398	0.992842
20.336098	0.998951	0.992501	0.006450	1.006131	0.999806	0.999650	0.999298	0.992846
20.374672	0.986672	0.991498	-0.004826	0.994716	0.999733	0.999519	0.987145	0.991974
20.411068	0.985372	0.991714	-0.006342	0.993080	0.999664	0.999396	0.985966	0.992312
20.447422	0.982759	0.991660	-0.008901	0.990399	0.999596	0.999272	0.983473	0.992380
20.483828	0.988490	0.991477	-0.002987	0.996174	0.999527	0.999149	0.989330	0.992319
20.520203	0.989510	0.991405	-0.001895	0.997142	0.999459	0.999026	0.990473	0.992370
20.556587	0.995105	0.991199	0.003906	1.002819	0.999391	0.998903	0.996196	0.992286
20.592962	0.989555	0.990832	-0.001276	0.997516	0.999322	0.998780	0.990762	0.992040
20.629379	0.998608	0.991338	0.007270	1.005930	0.999254	0.998658	0.999949	0.992669
20.665731	0.997837	0.991255	0.006582	1.005120	0.999186	0.998536	0.999299	0.992708
20.702141	0.993610	0.990629	0.002981	1.001424	0.999119	0.998413	0.995187	0.992202
20.738514	0.991211	0.990545	0.000666	0.998983	0.999051	0.998292	0.992906	0.992239
20.777077	0.993427	0.989398	0.004029	1.002238	0.998979	0.998163	0.995254	0.991218
20.814919	0.995117	0.990693	0.004424	1.002505	0.998909	0.998037	0.997073	0.992640
20.851313	0.993690	0.992678	0.001011	0.998969	0.998842	0.997916	0.995764	0.994750
20.887711	0.994573	0.991356	0.003217	1.001057	0.998775	0.997795	0.996770	0.993545
20.925892	0.993379	0.987790	0.005589	1.003314	0.998705	0.997669	0.995698	0.990097
