14.100648	1.002653	0.998560	1.004541	1.000440	1.004094	1.002213	0.998121
14.137039	1.002189	1.000025	1.002724	1.000559	1.002164	1.001629	0.999466
14.173413	1.005237	1.003024	1.002916	1.000708	1.002213	1.004525	1.002314
14.209809	0.994313	1.000331	0.994864	1.000886	0.993982	0.993433	0.999446
14.246205	1.005038	1.001979	1.004146	1.001089	1.003060	1.003945	1.000889
14.282579	1.006309	1.001995	1.005626	1.001315	1.004314	1.004987	1.000679
14.318942	0.998712	1.003029	0.997249	1.001560	0.995682	0.997156	1.001467
14.355371	0.998411	1.003096	0.997144	1.001822	0.995316	0.996595	1.001271
14.391723	1.004557	1.002460	1.004191	1.002095	1.002097	1.002457	1.000365
14.428119	1.004096	1.003237	1.003234	1.002375	1.000859	1.001716	1.000859
14.468137	0.999705	1.003849	0.998548	1.002687	0.995857	0.997026	1.001159
14.504533	1.003451	1.003641	1.002777	1.002967	0.999810	1.000482	1.000672
14.541995	1.008068	1.004237	1.007076	1.003249	1.003831	1.004804	1.000985
14.580914	1.007982	1.004592	1.006913	1.003527	1.003390	1.004440	1.001062
14.617320	1.009832	1.004210	1.009389	1.003770	1.005622	1.006039	1.000438
14.653706	1.007439	1.004236	1.007192	1.003990	1.003203	1.003435	1.000245
14.690080	1.005727	1.004838	1.005073	1.004184	1.000890	1.001537	1.000651
14.726454	1.016422	1.004877	1.015886	1.004347	1.011545	1.012023	1.000528
14.762861	1.005980	1.005778	1.004678	1.004476	1.000202	1.001498	1.001297
14.799234	1.000897	1.005711	0.999759	1.004567	0.995186	0.996347	1.001139
14.835630	1.008143	1.007339	1.005419	1.004617	1.000804	1.003510	1.002710
14.872004	1.010513	1.006281	1.008849	1.004624	1.004232	1.005862	1.001650
14.908389	1.010030	1.006588	1.008020	1.004585	1.003442	1.005420	1.001994
14.944764	1.006119	1.007503	1.003119	1.004499	0.998616	1.001613	1.002991
14.981192	1.006077	1.007398	1.003048	1.004365	0.998679	1.001705	1.003020
15.017566	1.006438	1.006303	1.004318	1.004183	1.000135	1.002245	1.002111
15.053951	1.008257	1.007128	1.005079	1.003954	1.001128	1.004286	1.003162
15.090313	1.002535	1.006233	0.999989	1.003677	0.996302	0.998862	1.002547
15.126733	1.003779	1.004693	1.002442	1.003355	0.999086	1.000422	1.001333
15.163095	1.009443	1.004226	1.008201	1.002990	1.005217	1.006433	1.001232
15.199501	0.999269	1.004085	0.997776	1.002584	0.995185	0.996694	1.001497
15.238809	1.004116	1.003747	1.002473	1.002104	1.000370	1.002008	1.001639
15.275893	1.008475	1.002492	1.007593	1.001616	1.005983	1.006848	1.000875
15.312279	0.997005	1.002351	0.995768	1.001107	0.994654	0.995903	1.001243
15.348663	1.011385	1.001780	1.010167	1.000574	1.009605	1.010805	1.001205
15.385072	1.002611	1.000976	1.001655	1.000022	1.001635	1.002589	1.000954
15.421455	1.003917	1.000470	1.002899	0.999456	1.003447	1.004463	1.001014
15.457829	0.996145	1.000706	0.994330	0.998882	0.995439	0.997260	1.001826
15.494214	0.995446	1.000021	0.993739	0.998306	0.995425	0.997135	1.001718
15.530588	0.995475	0.999132	0.994081	0.997733	0.996343	0.997737	1.001403
15.566985	0.998776	0.997826	0.998118	0.997169	1.000950	1.001612	1.000659
15.603381	0.997329	0.997673	0.996275	0.996619	0.999656	1.000712	1.001058
15.639754	1.000332	0.997423	0.998995	0.996091	1.002909	1.004258	1.001338
15.676139	1.009093	0.997822	1.006834	0.995588	1.011271	1.013565	1.002244
15.712535	0.999985	0.996917	0.998178	0.995116	1.003067	1.004892	1.001810
15.748898	0.997758	0.996058	0.996379	0.994681	1.001700	1.003093	1.001384
15.785282	1.001403	0.996651	0.999027	0.994286	1.004752	1.007158	1.002379
15.821669	0.988826	0.994856	0.987911	0.993936	0.993969	0.994858	1.000926
15.858064	0.991253	0.994151	0.990737	0.993634	0.997102	0.997604	1.000521
15.894449	0.989487	0.994280	0.988595	0.993383	0.995207	0.996078	1.000903
15.930833	0.992062	0.994151	0.991100	0.993187	0.997912	0.998868	1.000971
15.969774	0.995558	0.993964	0.994630	0.993037	1.001594	1.002538	1.000933
16.007236	0.987998	0.995582	0.985391	0.992955	0.992416	0.995008	1.002645
16.043621	0.995427	0.993974	0.994386	0.992934	1.001453	1.002511	1.001048
16.080006	0.993193	0.993519	0.992643	0.992970	0.999673	1.000224	1.000553
16.116402	0.989505	0.993933	0.988637	0.993062	0.995571	0.996418	1.000877
16.152777	0.991406	0.995171	0.989453	0.993210	0.996235	0.998184	1.001974
16.190617	0.989306	0.993633	0.989093	0.993420	0.995673	0.995859	1.000215
16.229191	1.002044	0.995104	1.000620	0.993690	1.006941	1.008408	1.001423
16.265598	0.996348	0.994742	0.995598	0.993993	1.001606	1.002369	1.000754
16.301960	0.994346	0.994856	0.993830	0.994340	0.999490	1.000006	1.000519
16.338356	0.995398	0.996322	0.993804	0.994726	0.999076	1.000676	1.001605
16.374729	0.991539	0.996967	0.989729	0.995146	0.994573	0.996375	1.001829
16.411114	0.999770	0.997412	0.997951	0.995597	1.002358	1.004192	1.001823
16.447500	1.000361	0.997068	0.999361	0.996072	1.003293	1.004306	1.001000
16.483873	1.003096	0.997548	1.002108	0.996566	1.005548	1.006553	1.000986
16.520269	0.995209	0.997804	0.994480	0.997074	0.997404	0.998129	1.000733
16.556665	1.002538	0.998203	1.001923	0.997590	1.004336	1.004960	1.000614
16.599228	1.000342	0.998941	0.999596	0.998196	1.001401	1.002150	1.000746
16.636690	0.990535	0.997965	0.991290	0.998726	0.992570	0.991799	0.999238
16.673075	0.994091	0.998483	0.994834	0.999230	0.995608	0.994857	0.999253
16.709473	1.003882	0.999687	1.003915	0.999720	1.004195	1.004163	0.999967
16.746967	1.007482	1.000525	1.007160	1.000204	1.006958	1.007277	1.000320
16.785896	0.995581	1.000892	0.995369	1.000679	0.994689	0.994905	1.000212
16.822281	1.004695	1.004022	1.001765	1.001094	1.000673	1.003597	1.002925
16.858643	0.995797	1.002299	0.994980	1.001476	0.993499	0.994330	1.000822
16.895029	1.000641	1.003135	0.999332	1.001822	0.997506	0.998821	1.001310
16.931414	1.004230	1.002876	1.003484	1.002131	1.001354	1.002095	1.000743
16.967800	1.003344	1.003147	1.002596	1.002399	1.000196	1.000942	1.000746
17.007452	1.010833	1.002826	1.010650	1.002644	1.008007	1.008167	1.000181
17.044214	1.006221	1.003131	1.005915	1.002826	1.003090	1.003385	1.000304
17.080585	1.006624	1.004092	1.005492	1.002963	1.002532	1.003651	1.001126
17.118425	1.001587	1.004598	1.000053	1.003060	0.996989	0.998531	1.001534
17.159578	1.002257	1.003036	1.002336	1.003114	0.999221	0.999146	0.999922
17.197041	1.008804	1.003157	1.008767	1.003120	1.005647	1.005666	1.000037
17.233404	1.004617	1.002481	1.005223	1.003087	1.002135	1.001526	0.999397
17.269810	1.004014	1.005659	1.001378	1.003018	0.998355	1.000993	1.002632
17.306208	1.003070	1.002517	1.003471	1.002918	1.000553	1.000152	0.999600
17.342602	1.005800	1.003628	1.004959	1.002789	1.002172	1.003003	1.000836
17.378965	0.997912	1.001929	0.998615	1.002635	0.995983	0.995289	0.999296
17.415350	1.006405	1.004997	1.003866	1.002461	1.001408	1.003935	1.002530
17.451723	1.002584	1.002588	1.002267	1.002270	0.999996	1.000313	1.000317
17.488131	1.000945	1.002723	1.000291	1.002067	0.998222	0.998880	1.000654
17.524494	1.001858	1.002858	1.000859	1.001858	0.999000	1.000001	1.000999
17.560890	1.007213	1.003298	1.005553	1.001645	1.003915	1.005559	1.001650
17.597265	0.999145	1.000932	0.999646	1.001434	0.998212	0.997714	0.999499
17.633659	1.002610	1.002086	1.001753	1.001230	1.000524	1.001378	1.000855
17.670034	1.003046	1.001418	1.002664	1.001036	1.001628	1.002008	1.000381
17.706430	0.993793	1.000755	0.993895	1.000857	0.993039	0.992942	0.999898
17.742815	1.004027	1.000774	1.003949	1.000696	1.003253	1.003328	1.000078
17.779200	0.992018	1.000072	0.992499	1.000558	0.991945	0.991464	0.999515
17.815563	1.004914	1.000796	1.004561	1.000444	1.004118	1.004468	1.000352
17.851959	1.007260	0.999960	1.007661	1.000358	1.007300	1.006900	0.999602
17.888344	0.996753	0.998818	0.998234	1.000301	0.997936	0.996453	0.998517
17.924761	0.995999	0.999935	0.996338	1.000276	0.996064	0.995724	0.999659
17.961113	1.001214	0.999749	1.001749	1.000283	1.001465	1.000931	0.999467
17.997520	0.998908	0.999265	0.999965	1.000323	0.999642	0.998585	0.998943
18.033895	1.000978	0.998943	1.002433	1.000396	1.002034	1.000582	0.998549
18.070303	1.004721	0.999684	1.005541	1.000500	1.005037	1.004218	0.999184
18.106674	1.001134	1.000771	1.000999	1.000636	1.000363	1.000498	1.000135
18.143082	1.005458	1.001169	1.005088	1.000800	1.004289	1.004653	1.000368
18.179434	0.990239	1.001499	0.989738	1.000992	0.988740	0.989258	1.000506
18.215841	0.993235	1.002557	0.991899	1.001208	0.990678	0.992036	1.001347
18.252205	1.001406	1.001489	1.001363	1.001445	0.999918	0.999961	1.000043
18.288599	0.999988	1.001988	0.999701	1.001700	0.998001	0.998291	1.000287
18.324984	1.005918	1.001731	1.006156	1.001968	1.004187	1.003942	0.999763
18.361370	1.001753	1.002426	1.001573	1.002246	0.999327	0.999509	1.000180
18.397755	1.004745	1.001565	1.005711	1.002528	1.003180	1.002211	0.999039
18.434139	1.000710	1.003716	0.999807	1.002811	0.996993	0.997905	1.000903
18.470526	0.999386	1.002346	1.000127	1.003089	0.997041	0.996309	0.999259
18.506910	1.005965	1.002107	1.007221	1.003357	1.003858	1.002599	0.998753
18.543304	0.998953	1.002646	0.999915	1.003612	0.996307	0.995358	0.999038
18.579691	0.994659	1.002036	0.996457	1.003847	0.992623	0.990848	0.998196
18.616087	1.001280	1.002522	1.002815	1.004059	0.998758	0.997232	0.998469
18.652838	1.001307	1.002864	1.002686	1.004245	0.998443	0.997075	0.998625
18.692478	0.998366	1.003423	0.999346	1.004408	0.994943	0.993984	0.999019
18.728874	0.994133	1.003878	0.994770	1.004521	0.990255	0.989659	0.999360
18.765247	1.016167	1.004388	1.016376	1.004594	1.011780	1.011520	0.999794
18.801643	1.003747	1.004870	1.003503	1.004625	0.998877	0.999126	1.000244
18.838005	1.014657	1.005032	1.014233	1.004612	1.009625	1.009998	1.000418
18.874414	1.003957	1.007105	1.001413	1.004553	0.996852	0.999407	1.002540
18.910778	1.006241	1.006150	1.004537	1.004446	1.000091	1.001787	1.001696
18.947195	1.005621	1.005612	1.004300	1.004291	1.000009	1.001324	1.001315
18.983568	1.002330	1.003634	1.002784	1.004088	0.998696	0.998249	0.999547
19.019964	1.006467	1.003450	1.006856	1.003838	1.003017	1.002619	0.999613
19.056326	1.002999	1.002005	1.004536	1.003541	1.000994	0.999460	0.998470
19.092712	0.996864	1.001874	0.998184	1.003200	0.994991	0.993685	0.998678
19.129097	0.995448	1.002722	0.995542	1.002816	0.992726	0.992652	0.999906
19.168039	1.004904	1.001773	1.005496	1.002363	1.003131	1.002535	0.999411
19.205511	0.991556	1.000140	0.993288	1.001888	0.991416	0.989687	0.998256
19.241896	0.998982	0.999669	1.000707	1.001395	0.999313	0.997590	0.998276
19.278303	0.996930	0.998811	0.998991	1.000875	0.998120	0.996059	0.997938
19.314678	1.000193	0.998468	1.002061	1.000333	1.001725	0.999860	0.998136
19.351063	0.993998	0.998020	0.995745	0.999775	0.995978	0.994222	0.998245
19.387424	0.995722	0.998770	0.996155	0.999205	0.996951	0.996514	0.999565
19.423809	1.000033	0.998147	1.000516	0.998629	1.001885	1.001405	0.999517
19.460196	0.998401	1.000379	0.996080	0.998053	0.998022	1.000348	1.002330
19.496580	0.987911	0.999015	0.986397	0.997483	0.988896	0.990404	1.001535
19.532965	1.000297	0.997704	0.999516	0.996925	1.002593	1.003382	1.000782
19.569361	0.997210	0.997077	0.996517	0.996384	1.000134	1.000829	1.000695
19.608290	0.999065	0.995212	0.999687	0.995831	1.003853	1.003248	0.999378
19.645752	0.998513	0.993976	0.999873	0.995330	1.004537	1.003198	0.998640
19.682148	0.995796	0.994163	0.996511	0.994877	1.001633	1.000924	0.999283
19.718555	0.995931	0.992462	0.997939	0.994462	1.003470	1.001477	0.997988
19.754917	0.996917	0.992269	0.998748	0.994092	1.004648	1.002843	0.998167
19.791292	0.993906	0.991502	0.996177	0.993767	1.002404	1.000140	0.997721
19.827723	0.987977	0.992230	0.989234	0.993492	0.995747	0.994448	0.998730
19.864084	0.995157	0.990399	0.998042	0.993270	1.004758	1.001899	0.997109
19.900469	0.994860	0.992089	0.995878	0.993103	1.002772	1.001769	0.998978
19.936853	0.988666	0.989440	0.992216	0.992992	0.999226	0.995643	0.996422
19.973227	0.992791	0.991449	0.994283	0.992939	1.001342	0.999852	0.998500
20.009602	0.986425	0.991505	0.987855	0.992943	0.994920	0.993436	0.998552
20.045998	0.992166	0.991070	0.994101	0.993004	1.001095	0.999156	0.998053
20.082405	0.991108	0.991971	0.992256	0.993120	0.999137	0.997973	0.998843
20.118778	0.989464	0.992721	0.990033	0.993292	0.996743	0.996146	0.999425
20.155151	0.995279	0.993627	0.995167	0.993515	1.001652	1.001776	1.000113
20.191538	0.993347	0.994446	0.992689	0.993788	0.998901	0.999557	1.000663
20.227934	0.992509	0.995191	0.991427	0.994106	0.997318	0.998393	1.001091
20.264318	0.995951	0.994043	0.996375	0.994467	1.001908	1.001492	0.999574
20.300694	0.988714	0.994006	0.989568	0.994865	0.994708	0.993817	0.999136
20.337099	1.001751	0.995298	1.001750	0.995296	1.006454	1.006485	1.000001
20.373463	0.999969	0.995418	1.000308	0.995755	1.004551	1.004231	0.999661
20.409847	0.999327	0.995501	1.000067	0.996238	1.003826	1.003101	0.999261
20.447321	0.992020	0.994467	0.994300	0.996752	0.997553	0.995252	0.997707
20.486273	0.999363	0.995175	1.001498	0.997300	1.004189	1.002069	0.997869
20.522625	0.992882	0.995546	0.995147	0.997817	0.997335	0.995054	0.997724
20.559031	1.001329	0.996424	1.003250	0.998336	1.004905	1.002998	0.998086
20.595415	0.998124	0.997003	0.999972	0.998848	1.001122	0.999276	0.998153
20.631800	0.995789	0.997567	0.997567	0.999349	0.998221	0.996437	0.998217
20.668163	1.000434	0.997327	1.002949	0.999834	1.003107	1.000600	0.997492
20.704571	0.996253	0.998088	0.998460	1.000299	0.998165	0.995955	0.997789
20.740934	0.995819	1.000512	0.996045	1.000739	0.995308	0.995084	0.999773
20.777342	0.992003	1.001041	0.992110	1.001149	0.990962	0.990865	0.999892
20.813704	1.007447	1.007175	1.001797	1.001526	1.000272	1.005912	1.005640
20.850121	1.006254	1.005487	1.002632	1.001868	1.000767	1.004378	1.003612
20.886484	0.999460	1.001649	0.999981	1.002171	0.997811	0.997295	0.999480
20.937452	0.999666	1.001831	1.000360	1.002527	0.997835	0.997146	0.999305
