0.020549	0.991516	0.993918	-0.002403	0.995076	0.997481	0.998489	0.994022	0.996431
0.056952	0.992755	0.992496	0.000259	0.997555	0.997297	0.998378	0.995447	0.995188
0.093344	0.997453	0.994711	0.002742	0.999863	0.997122	0.998273	1.000333	0.997584
0.129735	0.989357	0.991994	-0.002637	0.994320	0.996957	0.998174	0.992378	0.995023
0.166116	0.990185	0.992689	-0.002504	0.994300	0.996802	0.998081	0.993362	0.995874
0.202530	0.988538	0.991030	-0.002492	0.994170	0.996659	0.997995	0.991852	0.994352
0.238920	0.995488	0.991750	0.003738	1.000270	0.996528	0.997917	0.998956	0.995205
0.275302	0.992730	0.991643	0.001086	0.997503	0.996409	0.997846	0.996306	0.995216
0.311682	0.993937	0.994355	-0.000418	0.995889	0.996304	0.997783	0.997622	0.998042
0.348085	0.990959	0.991356	-0.000397	0.995826	0.996213	0.997728	0.994724	0.995122
0.384465	0.991026	0.991840	-0.000814	0.995333	0.996137	0.997682	0.994867	0.995684
0.420880	0.994613	0.991728	0.002885	0.998969	0.996075	0.997645	0.998529	0.995633
0.457271	0.997364	0.994058	0.003306	0.999340	0.996028	0.997617	1.001338	0.998019
0.493673	0.991245	0.993767	-0.002522	0.993482	0.995997	0.997598	0.995225	0.997757
0.530066	0.989948	0.991716	-0.001768	0.994225	0.995981	0.997588	0.993938	0.995713
0.566468	0.995482	0.993062	0.002420	0.998410	0.995980	0.997588	0.999495	0.997065
0.602859	0.988081	0.989702	-0.001621	0.994388	0.995995	0.997597	0.992048	0.993676
0.639240	0.986086	0.989279	-0.003193	0.992849	0.996025	0.997615	0.990015	0.993221
0.675632	0.992211	0.992269	-0.000059	0.996024	0.996070	0.997642	0.996119	0.996178
0.712023	0.997360	0.990082	0.007278	1.003420	0.996129	0.997678	1.001228	0.993923
0.750227	0.995406	0.992592	0.002814	0.999032	0.996207	0.997724	0.999189	0.996364
0.788463	0.994311	0.990115	0.004197	1.000503	0.996299	0.997779	0.997997	0.993785
0.824844	0.993765	0.992989	0.000776	0.997184	0.996400	0.997840	0.997348	0.996569
0.861223	0.992920	0.991078	0.001842	0.998364	0.996513	0.997908	0.996386	0.994537
0.897638	0.993860	0.992601	0.001258	0.997907	0.996637	0.997982	0.997204	0.995942
0.934029	0.992880	0.991613	0.001267	0.998048	0.996771	0.998063	0.996086	0.994815
0.970409	0.998711	0.992395	0.006316	1.003240	0.996915	0.998149	1.001792	0.995456
1.006790	0.999628	0.993418	0.006210	1.003287	0.997067	0.998240	1.002558	0.996330
1.043182	0.994798	0.993609	0.001189	0.998425	0.997225	0.998335	0.997555	0.996363
1.079573	0.988597	0.991147	-0.002550	0.994850	0.997390	0.998434	0.991173	0.993730
1.115965	0.997725	0.992363	0.005363	1.002931	0.997559	0.998535	1.000156	0.994780
1.152368	0.999011	0.994355	0.004656	1.002398	0.997731	0.998639	1.001271	0.996605
1.188781	0.997686	0.995381	0.002305	1.000221	0.997906	0.998743	0.999768	0.997459
1.225151	0.995302	0.994426	0.000876	0.998966	0.998080	0.998848	0.997204	0.996327
1.261554	0.995849	0.994359	0.001491	0.999754	0.998254	0.998953	0.997578	0.996085
1.297945	0.995009	0.991866	0.003143	1.001576	0.998426	0.999056	0.996565	0.993417
1.334326	0.996422	0.995469	0.000953	0.999556	0.998594	0.999157	0.997812	0.996858
1.370706	0.990298	0.993427	-0.003129	0.995630	0.998757	0.999254	0.991517	0.994651
1.407108	0.991493	0.993625	-0.002132	0.996787	0.998914	0.999348	0.992558	0.994693
1.443501	0.994431	0.993167	0.001265	1.000328	0.999063	0.999438	0.995351	0.994085
1.479892	0.994501	0.994762	-0.000261	0.998944	0.999203	0.999522	0.995281	0.995542
1.516306	0.995556	0.994552	0.001004	1.000331	0.999332	0.999599	0.996208	0.995203
1.552675	0.999048	0.997539	0.001509	1.000957	0.999450	0.999670	0.999583	0.998073
1.589089	0.989341	0.994425	-0.005084	0.994461	0.999556	0.999733	0.989767	0.994853
1.625470	0.997002	0.993734	0.003268	1.002913	0.999647	0.999788	0.997340	0.994070
1.661862	0.988712	0.994236	-0.005524	0.994190	0.999724	0.999834	0.988971	0.994497
1.704788	0.996229	0.995501	0.000728	1.000526	0.999794	0.999877	0.996420	0.995692
1.741923	0.994825	0.995416	-0.000591	0.999247	0.999837	0.999902	0.994974	0.995565
1.778326	0.990181	0.993164	-0.002983	0.996868	0.999861	0.999916	0.990306	0.993289
1.814706	0.991203	0.993753	-0.002550	0.997313	0.999867	0.999920	0.991322	0.993873
1.851076	0.990164	0.992295	-0.002131	0.997715	0.999854	0.999913	0.990295	0.992427
1.887501	0.991349	0.991352	-0.000003	0.999811	0.999823	0.999894	0.991512	0.991515
1.923870	0.994174	0.994465	-0.000291	0.999482	0.999773	0.999864	0.994388	0.994678
1.960284	0.994231	0.994668	-0.000438	0.999266	0.999703	0.999822	0.994514	0.994952
1.996653	0.995967	0.993391	0.002576	1.002185	0.999615	0.999769	0.996339	0.993762
2.033067	0.994716	0.992206	0.002510	1.002012	0.999507	0.999704	0.995195	0.992684
2.069458	0.994939	0.991785	0.003154	1.002531	0.999381	0.999629	0.995545	0.992389
2.105839	0.992914	0.992478	0.000436	0.999663	0.999236	0.999542	0.993664	0.993227
2.142231	0.990222	0.992766	-0.002544	0.996519	0.999074	0.999444	0.991131	0.993678
2.178633	0.994893	0.992419	0.002474	1.001358	0.998894	0.999336	0.995987	0.993510
2.215037	0.988561	0.993262	-0.004701	0.993983	0.998698	0.999219	0.989843	0.994550
2.251405	0.992223	0.993043	-0.000820	0.997660	0.998486	0.999092	0.993721	0.994543
2.287819	0.993369	0.993855	-0.000487	0.997771	0.998259	0.998956	0.995095	0.995583
2.324211	0.990058	0.990944	-0.000886	0.997130	0.998019	0.998812	0.992018	0.992906
2.360602	0.988932	0.989555	-0.000623	0.997141	0.997767	0.998660	0.991141	0.991765
2.396971	0.992400	0.993470	-0.001071	0.996436	0.997504	0.998503	0.994880	0.995953
2.433375	0.987831	0.987736	0.000096	0.997331	0.997231	0.998339	0.990572	0.990476
2.469756	0.987913	0.988481	-0.000568	0.996385	0.996950	0.998170	0.990934	0.991504
2.506158	0.991840	0.990425	0.001415	0.998081	0.996663	0.997998	0.995162	0.993742
2.542561	0.995054	0.989419	0.005635	1.002009	0.996370	0.997822	0.998680	0.993025
2.578940	0.989597	0.988866	0.000731	0.996812	0.996074	0.997644	0.993500	0.992766
2.615322	0.985706	0.990571	-0.004865	0.990915	0.995777	0.997466	0.989890	0.994776
2.651736	0.989350	0.989467	-0.000117	0.995371	0.995479	0.997287	0.993848	0.993965
2.688104	0.989696	0.988136	0.001561	0.996759	0.995183	0.997110	0.994492	0.992924
2.724519	0.987510	0.989849	-0.002340	0.992558	0.994891	0.996935	0.992587	0.994939
2.760888	0.990551	0.987748	0.002803	0.997420	0.994604	0.996763	0.995932	0.993114
2.797302	0.986975	0.985512	0.001464	0.995805	0.994325	0.996595	0.992617	0.991145
2.833705	0.988724	0.988122	0.000602	0.994656	0.994054	0.996432	0.994648	0.994043
2.870096	0.987308	0.989827	-0.002519	0.991276	0.993793	0.996276	0.993484	0.996019
2.906487	0.989338	0.988540	0.000798	0.994346	0.993545	0.996127	0.995777	0.994974
2.942857	0.989398	0.989401	-0.000004	0.993304	0.993311	0.995987	0.996072	0.996076
2.979260	0.990387	0.987773	0.002614	0.995713	0.993093	0.995856	0.997289	0.994657
3.015663	0.987432	0.988402	-0.000970	0.991925	0.992891	0.995734	0.994517	0.995494
3.058589	0.987098	0.989904	-0.002806	0.989868	0.992676	0.995606	0.994396	0.997223
3.095702	0.988581	0.987012	0.001568	0.994085	0.992513	0.995508	0.996054	0.994474
3.132104	0.985465	0.986842	-0.001377	0.991009	0.992374	0.995424	0.993054	0.994442
3.168474	0.988271	0.987829	0.000443	0.992704	0.992257	0.995354	0.996000	0.995554
3.204900	0.987769	0.986075	0.001695	0.993869	0.992163	0.995298	0.995589	0.993881
3.241268	0.992151	0.987733	0.004418	0.996517	0.992093	0.995256	1.000076	0.995623
3.277683	0.988727	0.987671	0.001056	0.993110	0.992048	0.995229	0.996671	0.995606
3.314074	0.985785	0.986496	-0.000710	0.991329	0.992028	0.995217	0.993726	0.994442
3.350455	0.987936	0.987929	0.000007	0.992045	0.992033	0.995220	0.995889	0.995881
3.386835	0.986345	0.984979	0.001366	0.993454	0.992065	0.995239	0.994253	0.992876
3.423238	0.987655	0.987589	0.000066	0.992195	0.992122	0.995273	0.995516	0.995449
3.459619	0.987018	0.985554	0.001465	0.993689	0.992206	0.995324	0.994790	0.993314
3.496021	0.983656	0.984889	-0.001233	0.991105	0.992316	0.995389	0.991292	0.992534
3.532390	0.985242	0.984504	0.000738	0.993210	0.992451	0.995471	0.992754	0.992010
3.568815	0.986138	0.986594	-0.000457	0.992165	0.992612	0.995567	0.993495	0.993955
3.605173	0.984028	0.986491	-0.002463	0.990339	0.992798	0.995679	0.991184	0.993665
3.641598	0.986769	0.987517	-0.000748	0.992261	0.993008	0.995805	0.993734	0.994487
3.677958	0.982758	0.987156	-0.004398	0.988843	0.993241	0.995945	0.989462	0.993890
3.714381	0.986814	0.988300	-0.001487	0.992013	0.993497	0.996098	0.993289	0.994785
3.750740	0.988806	0.987946	0.000859	0.994640	0.993774	0.996264	0.995016	0.994151
3.787165	0.985473	0.987833	-0.002360	0.991715	0.994072	0.996443	0.991365	0.993739
3.823524	0.989334	0.990228	-0.000894	0.993493	0.994388	0.996633	0.994931	0.995830
3.859937	0.992981	0.991387	0.001594	0.996313	0.994722	0.996833	0.998263	0.996660
3.896340	0.988920	0.988644	0.000275	0.995352	0.995073	0.997044	0.993828	0.993551
3.932732	0.989540	0.991601	-0.002061	0.993376	0.995438	0.997263	0.994086	0.996156
3.969134	0.991387	0.991570	-0.000183	0.995633	0.995816	0.997490	0.995562	0.995746
4.005504	0.992985	0.993064	-0.000078	0.996123	0.996206	0.997723	0.996776	0.996855
4.041895	0.988618	0.991477	-0.002858	0.993746	0.996605	0.997963	0.991993	0.994861
4.078287	0.988337	0.991219	-0.002882	0.994131	0.997013	0.998208	0.991304	0.994195
4.114667	0.994266	0.992116	0.002150	0.999576	0.997426	0.998456	0.996837	0.994681
4.151081	0.996222	0.994043	0.002179	1.000021	0.997845	0.998707	0.998377	0.996194
4.187450	0.996315	0.995669	0.000646	0.998907	0.998266	0.998959	0.998049	0.997402
4.223864	0.991164	0.994787	-0.003623	0.995062	0.998688	0.999213	0.992468	0.996096
4.260234	0.992580	0.994517	-0.001937	0.997164	0.999108	0.999465	0.993466	0.995404
4.296636	0.996489	0.993972	0.002517	1.002035	0.999527	0.999716	0.996960	0.994442
4.333006	0.996758	0.993455	0.003303	1.003230	0.999941	0.999964	0.996815	0.993512
4.369431	0.996779	0.998519	-0.001740	0.998606	1.000349	1.000209	0.996428	0.998167
4.405800	0.997546	0.996131	0.001415	1.002154	1.000749	1.000449	0.996795	0.995381
4.442214	0.994525	0.999938	-0.005414	0.995726	1.001141	1.000684	0.993386	0.998793
4.478594	1.000637	0.999897	0.000740	1.002259	1.001521	1.000913	0.999110	0.998372
4.514986	1.001287	0.998534	0.002752	1.004635	1.001890	1.001134	0.999390	0.996643
4.551390	0.999632	0.999875	-0.000244	1.001999	1.002245	1.001347	0.997383	0.997626
4.587769	0.997795	0.996979	0.000816	1.003386	1.002586	1.001552	0.995211	0.994397
4.624150	0.996336	0.998110	-0.001774	1.001126	1.002912	1.001747	0.993433	0.995202
4.660563	1.001626	0.999925	0.001700	1.004915	1.003221	1.001932	0.998398	0.996703
4.696933	0.999742	0.999054	0.000688	1.004191	1.003512	1.002107	0.996230	0.995545
4.733359	0.999060	1.001019	-0.001960	1.001825	1.003786	1.002271	0.995278	0.997231
4.769717	1.000256	0.999502	0.000754	1.004781	1.004040	1.002424	0.996216	0.995466
4.809053	1.000590	1.001130	-0.000540	1.003752	1.004294	1.002576	0.996297	0.996834
4.846156	1.000851	1.002283	-0.001432	1.003081	1.004512	1.002707	0.996340	0.997765
4.882547	1.002294	1.002430	-0.000136	1.004573	1.004706	1.002824	0.997582	0.997718
4.921484	0.996658	0.999681	-0.003023	1.001850	1.004892	1.002935	0.991789	0.994798
4.958964	0.995803	1.000015	-0.004213	1.000818	1.005049	1.003029	0.990783	0.994975
4.995367	0.998433	1.002436	-0.004004	1.001176	1.005182	1.003109	0.993268	0.997251
5.031769	0.998429	1.000400	-0.001971	1.003304	1.005295	1.003177	0.993153	0.995114
5.068151	1.002456	1.001554	0.000902	1.006279	1.005389	1.003233	0.997065	0.996168
5.104519	1.000974	1.003073	-0.002099	1.003363	1.005464	1.003278	0.995516	0.997604
5.140911	1.001127	1.002773	-0.001646	1.003872	1.005522	1.003313	0.995611	0.997248
5.177325	1.004903	1.004845	0.000058	1.005630	1.005562	1.003337	0.999327	0.999269
5.213706	1.002735	1.004006	-0.001271	1.004319	1.005586	1.003352	0.997147	0.998411
5.250097	1.002288	1.001816	0.000472	1.006057	1.005595	1.003357	0.996693	0.996224
5.286500	1.005243	1.005045	0.000198	1.005797	1.005589	1.003353	0.999638	0.999441
5.322880	1.005328	1.002130	0.003197	1.008759	1.005570	1.003342	0.999742	0.996562
5.359272	1.004038	1.003992	0.000046	1.005588	1.005538	1.003323	0.998491	0.998445
5.397474	1.004649	1.005224	-0.000575	1.004929	1.005493	1.003296	0.999144	0.999716
5.435688	1.001736	1.002423	-0.000687	1.004744	1.005437	1.003262	0.996302	0.996986
5.472080	1.004074	1.003794	0.000280	1.005661	1.005375	1.003225	0.998690	0.998411
5.508461	1.006176	1.002698	0.003478	1.008782	1.005306	1.003183	1.000850	0.997390
5.544886	0.996786	1.001879	-0.005093	1.000130	1.005230	1.003138	0.991584	0.996650
5.581255	1.006602	1.004753	0.001849	1.007009	1.005150	1.003090	1.001429	0.999590
5.617647	1.008198	1.007646	0.000552	1.005647	1.005067	1.003040	1.003100	1.002551
5.654049	1.007720	1.005665	0.002056	1.007055	1.004982	1.002989	1.002711	1.000666
5.690430	1.005780	1.001909	0.003870	1.008762	1.004896	1.002938	1.000866	0.997015
5.726821	1.000161	1.001921	-0.001760	1.003045	1.004810	1.002886	0.995361	0.997112
5.763224	1.007235	1.006682	0.000553	1.005301	1.004726	1.002836	1.002485	1.001934
5.799628	0.999171	1.000843	-0.001672	1.002962	1.004645	1.002787	0.994540	0.996204
5.838575	1.004554	1.002684	0.001871	1.006432	1.004562	1.002737	0.999981	0.998119
5.876044	0.999241	0.999426	-0.000185	1.004281	1.004487	1.002692	0.994766	0.994950
5.912447	0.995424	1.000170	-0.004746	0.999656	1.004421	1.002653	0.991033	0.995758
5.948827	1.005406	1.001408	0.003998	1.008349	1.004361	1.002617	1.001031	0.997050
5.985230	0.998882	0.999999	-0.001116	1.003174	1.004309	1.002585	0.994588	0.995699
6.021610	1.003138	1.001750	0.001388	1.005644	1.004264	1.002559	0.998870	0.997487
6.058024	1.003148	1.002313	0.000835	1.005061	1.004229	1.002537	0.998916	0.998084
6.094405	1.000931	1.005181	-0.004249	0.999962	1.004202	1.002521	0.996735	1.000967
6.130807	1.003425	1.004825	-0.001401	1.002793	1.004185	1.002511	0.999235	1.000630
6.167188	1.002042	1.001376	0.000666	1.004834	1.004178	1.002507	0.997866	0.997203
6.203568	1.005459	1.003583	0.001877	1.006058	1.004181	1.002508	1.001267	0.999398
6.239971	1.005013	1.002784	0.002229	1.006421	1.004193	1.002516	1.000810	0.998590
6.276351	1.004773	1.004806	-0.000033	1.004189	1.004216	1.002530	1.000549	1.000582
6.312744	1.005623	1.002175	0.003448	1.007690	1.004248	1.002549	1.001364	0.997930
6.349146	1.009041	1.004572	0.004469	1.008765	1.004290	1.002574	1.004726	1.000276
6.385539	1.004584	1.004286	0.000298	1.004644	1.004341	1.002605	1.000237	0.999941
6.421918	1.002872	1.004854	-0.001981	1.002427	1.004401	1.002640	0.998474	1.000447
6.458309	1.003237	1.003102	0.000135	1.004602	1.004468	1.002681	0.998769	0.998635
6.494713	1.005958	1.005090	0.000868	1.005417	1.004544	1.002726	1.001403	1.000539
6.532549	1.001165	1.002845	-0.001681	1.002943	1.004629	1.002778	0.996547	0.998220
6.571129	1.002849	1.003134	-0.000285	1.004432	1.004723	1.002834	0.998131	0.998414
6.607532	1.001392	1.005462	-0.004069	1.000752	1.004817	1.002890	0.996588	1.000638
6.643924	1.002933	1.001314	0.001619	1.006513	1.004915	1.002949	0.998024	0.996413
6.680294	1.001846	1.003728	-0.001882	1.003128	1.005015	1.003009	0.996843	0.998715
6.716696	1.002638	1.003843	-0.001206	1.003906	1.005119	1.003071	0.997528	0.998727
6.753098	1.004204	1.004105	0.000099	1.005318	1.005223	1.003134	0.998983	0.998884
6.789480	1.009422	1.005809	0.003613	1.008943	1.005327	1.003196	1.004070	1.000476
6.825860	1.004628	1.000942	0.003686	1.009088	1.005430	1.003258	0.999198	0.995533
6.862296	1.003714	1.006131	-0.002418	1.003120	1.005530	1.003318	0.998190	1.000594
6.898666	1.003406	1.004835	-0.001429	1.004197	1.005627	1.003376	0.997787	0.999208
6.935046	1.004040	1.002752	0.001288	1.006989	1.005719	1.003432	0.998326	0.997045
6.971438	1.011103	1.005840	0.005263	1.011070	1.005806	1.003484	1.005262	1.000030
7.007840	1.001114	1.003641	-0.002528	1.003345	1.005886	1.003531	0.995252	0.997765
7.044220	1.010730	1.008480	0.002250	1.008227	1.005957	1.003574	1.004740	1.002504
7.080623	1.005875	1.004987	0.000888	1.006906	1.006020	1.003612	0.999852	0.998969
7.117003	1.003260	1.005710	-0.002449	1.003625	1.006073	1.003644	0.997200	0.999635
7.153429	1.006390	1.008548	-0.002158	1.003976	1.006115	1.003669	1.000270	1.002414
7.189776	1.009512	1.008948	0.000564	1.006735	1.006145	1.003687	1.003343	1.002782
7.226201	1.003449	1.006781	-0.003332	1.002838	1.006162	1.003697	0.997300	1.000611
7.262570	1.005061	1.003209	0.001852	1.008003	1.006166	1.003700	0.998898	0.997057
7.298984	1.006544	1.007670	-0.001126	1.005044	1.006156	1.003694	1.000382	1.001501
7.335365	1.005877	1.009326	-0.003449	1.002709	1.006131	1.003679	0.999744	1.003172
7.371745	1.009343	1.005569	0.003774	1.009863	1.006091	1.003655	1.003228	0.999477
7.408127	1.008479	1.005753	0.002726	1.008761	1.006036	1.003621	1.002425	0.999715
7.444540	1.009921	1.006782	0.003139	1.009109	1.005965	1.003579	1.003930	1.000809
7.480943	1.001727	1.003707	-0.001980	1.003883	1.005877	1.003526	0.995871	0.997840
7.517323	1.011199	1.008080	0.003119	1.008909	1.005773	1.003464	1.005391	1.002291
7.553692	1.003652	1.003391	0.000262	1.005900	1.005654	1.003392	0.998007	0.997747
7.590117	1.006879	1.005621	0.001258	1.006776	1.005518	1.003311	1.001352	1.000100
7.626499	1.004224	1.004326	-0.000102	1.005257	1.005366	1.003219	0.998862	0.998964
7.662878	1.002534	1.004755	-0.002221	1.002976	1.005198	1.003119	0.997348	0.999558
7.699281	1.007911	1.005126	0.002785	1.007802	1.005015	1.003009	1.002880	1.000108
7.735673	1.006303	1.005888	0.000415	1.005236	1.004817	1.002890	1.001478	1.001065
7.772053	1.008492	1.007158	0.001334	1.005953	1.004605	1.002763	1.003868	1.002541
7.808455	1.003536	1.005625	-0.002089	1.002296	1.004379	1.002627	0.999160	1.001240
7.844837	1.011358	1.007653	0.003705	1.007862	1.004140	1.002484	1.007188	1.003498
7.881228	1.007381	1.006275	0.001106	1.005006	1.003889	1.002333	1.003479	1.002377
7.917620	1.006512	1.005041	0.001471	1.005104	1.003626	1.002176	1.002875	1.001410
7.954011	0.999978	1.002150	-0.002172	1.001177	1.003354	1.002012	0.996636	0.998801
7.990413	1.005075	1.002406	0.002669	1.005738	1.003072	1.001843	1.001999	0.999337
8.027895	1.003874	1.003071	0.000802	1.003574	1.002772	1.001663	1.001099	1.000299
8.066831	1.000751	1.004170	-0.003419	0.999035	1.002453	1.001472	0.998303	1.001714
8.103211	0.995193	1.001719	-0.006526	0.995619	1.002149	1.001290	0.993060	0.999572
8.139604	1.001946	1.001704	0.000242	1.002076	1.001840	1.001104	1.000107	0.999866
8.176005	0.997861	0.999791	-0.001930	0.999588	1.001528	1.000917	0.996341	0.998268
8.212398	0.998935	1.001148	-0.002213	0.998993	1.001213	1.000728	0.997727	0.999938
8.248790	0.998557	0.998827	-0.000270	1.000617	1.000897	1.000538	0.997664	0.997934
8.285171	0.994932	0.998531	-0.003599	0.996974	1.000581	1.000349	0.994356	0.997953
8.321572	1.000341	1.000098	0.000242	1.000504	1.000267	1.000160	1.000077	0.999834
8.357953	1.001176	1.002276	-0.001101	0.998849	0.999955	0.999973	1.001223	1.002324
8.394366	0.996697	0.997570	-0.000873	0.998766	0.999647	0.999788	0.997052	0.997925
8.430747	0.997131	0.999350	-0.002219	0.997120	0.999344	0.999606	0.997789	1.000009
8.467138	0.998692	0.999129	-0.000437	0.998606	0.999047	0.999428	0.999648	1.000085
8.504252	0.995687	0.995157	0.000530	0.999280	0.998751	0.999251	0.996934	0.996404
8.543545	0.999338	0.998770	0.000568	0.999012	0.998448	0.999069	1.000894	1.000325
8.579958	0.999544	1.000395	-0.000851	0.997319	0.998176	0.998906	1.001372	1.002225
8.616328	1.002568	0.999930	0.002638	1.000546	0.997915	0.998749	1.004665	1.002021
8.652754	1.002184	0.999306	0.002878	1.000537	0.997665	0.998599	1.004531	1.001647
8.689156	1.002123	1.001449	0.000673	0.998093	0.997427	0.998456	1.004709	1.004034
8.725513	0.994458	0.997042	-0.002584	0.994619	0.997202	0.998321	0.997249	0.999840
8.761916	1.003761	0.999861	0.003900	1.000884	0.996990	0.998194	1.006792	1.002880
8.798307	1.002889	0.999243	0.003646	1.000434	0.996792	0.998075	1.006117	1.002459
8.834711	1.000141	1.000646	-0.000505	0.996092	0.996609	0.997965	1.003544	1.004051
8.871092	0.996150	0.995691	0.000459	0.996903	0.996440	0.997864	0.999708	0.999247
8.907483	0.999097	0.994917	0.004179	1.000470	0.996287	0.997772	1.002819	0.998624
8.943864	0.997500	0.994928	0.002572	0.998727	0.996150	0.997690	1.001353	0.998771
8.980267	0.990495	0.995679	-0.005184	0.990846	0.996028	0.997617	0.994443	0.999647
9.016658	0.988453	0.991790	-0.003337	0.992598	0.995922	0.997553	0.992497	0.995848
9.053072	0.997610	0.994563	0.003047	0.998885	0.995832	0.997499	1.001781	0.998721
9.089453	0.996419	0.997547	-0.001128	0.994625	0.995758	0.997455	1.000659	1.001792
9.125866	0.993083	0.994982	-0.001899	0.993808	0.995700	0.997420	0.997366	0.999274
9.162236	1.000274	0.998757	0.001518	0.997168	0.995657	0.997394	1.004631	1.003107
9.198606	0.997303	0.992760	0.004543	1.000190	0.995630	0.997378	1.001674	0.997111
9.235007	1.000414	0.998595	0.001819	0.997432	0.995618	0.997371	1.004810	1.002982
9.271388	0.990884	0.996248	-0.005364	0.990261	0.995620	0.997372	0.995235	1.000622
9.307780	0.998440	0.998247	0.000193	0.995828	0.995637	0.997382	1.002807	1.002613
9.344183	0.995437	0.997592	-0.002155	0.993519	0.995667	0.997400	0.999760	1.001924
9.380574	0.994445	0.996541	-0.002096	0.993625	0.995711	0.997427	0.998718	1.000823
9.416988	0.998738	0.998602	0.000136	0.995905	0.995767	0.997460	1.002972	1.002835
9.453358	1.000047	0.999817	0.000230	0.996064	0.995836	0.997501	1.004217	1.003986
9.489760	0.994632	0.994829	-0.000197	0.995738	0.995915	0.997549	0.998699	0.998897
9.526163	1.001431	1.002164	-0.000733	0.995267	0.996006	0.997604	1.005434	1.006170
9.562555	0.998161	0.999024	-0.000863	0.995250	0.996107	0.997664	1.002049	1.002915
9.598925	1.001972	1.000002	0.001970	0.998189	0.996216	0.997730	1.005764	1.003786
9.638971	1.001722	0.999499	0.002223	0.998576	0.996347	0.997808	1.005380	1.003149
9.675364	0.998426	0.998143	0.000284	0.996766	0.996474	0.997885	1.001944	1.001660
9.711743	0.997358	1.000909	-0.003551	0.993055	0.996609	0.997965	1.000738	1.004300
9.748158	0.997795	0.999839	-0.002044	0.994708	0.996749	0.998050	1.001034	1.003084
9.784893	1.003090	1.006377	-0.003286	0.993587	0.996897	0.998138	1.006197	1.009494
9.827853	1.005132	1.003620	0.001512	0.998580	0.997076	0.998246	1.008065	1.006548
9.864600	1.001460	1.003068	-0.001608	0.995624	0.997234	0.998340	1.004223	1.005835
9.900991	1.004225	1.003085	0.001140	0.998530	0.997393	0.998436	1.006834	1.005692
9.937406	0.999967	1.001572	-0.001605	0.995955	0.997556	0.998533	1.002402	1.004011
9.973763	1.007457	1.004606	0.002851	1.000568	0.997720	0.998632	1.009744	1.006887
10.010166	1.002263	1.004236	-0.001972	0.995917	0.997887	0.998732	1.004371	1.006348
10.046547	1.005496	1.004061	0.001435	0.999493	0.998054	0.998832	1.007442	1.006005
10.082950	1.007282	1.009020	-0.001737	0.996477	0.998222	0.998933	1.009063	1.010803
10.119352	1.009178	1.006010	0.003169	1.001559	0.998390	0.999034	1.010792	1.007619
10.155744	1.009383	1.008343	0.001039	0.999596	0.998558	0.999135	1.010828	1.009787
10.192136	1.011961	1.011458	0.000504	0.999224	0.998725	0.999235	1.013241	1.012737
10.228539	1.010563	1.006772	0.003791	1.002685	0.998891	0.999334	1.011674	1.007879
10.264896	1.008464	1.008313	0.000151	0.999207	0.999055	0.999433	1.009408	1.009256
10.301311	1.012568	1.009354	0.003215	1.002431	0.999217	0.999530	1.013352	1.010135
10.337725	1.012041	1.010797	0.001243	1.000623	0.999378	0.999627	1.012662	1.011418
10.374105	1.008901	1.008079	0.000822	1.000365	0.999536	0.999722	1.009362	1.008539
10.410475	1.009938	1.008815	0.001123	1.000821	0.999692	0.999815	1.010243	1.009119
10.446877	1.007873	1.007463	0.000409	1.000260	0.999845	0.999907	1.008023	1.007614
10.483268	1.006720	1.009115	-0.002394	0.997600	0.999996	0.999997	1.006721	1.009115
10.519682	1.005327	1.007235	-0.001908	0.998236	1.000144	1.000086	1.005180	1.007088
10.556041	1.009060	1.004257	0.004803	1.005092	1.000288	1.000173	1.008768	1.003966
10.592454	1.005791	1.006008	-0.000217	1.000214	1.000430	1.000258	1.005359	1.005576
10.628836	1.002426	1.007102	-0.004676	0.995892	1.000568	1.000341	1.001858	1.006532
10.665227	1.007272	1.011099	-0.003828	0.996878	1.000704	1.000422	1.006566	1.010391
10.701595	1.003829	1.006144	-0.002316	0.998520	1.000836	1.000502	1.002995	1.005308
10.738022	1.006793	1.008443	-0.001651	0.999316	1.000965	1.000579	1.005827	1.007477
10.774436	1.010526	1.007802	0.002724	1.003815	1.001091	1.000654	1.009432	1.006711
10.810793	1.013666	1.012156	0.001509	1.002722	1.001213	1.000728	1.012446	1.010938
10.847175	1.011733	1.012838	-0.001104	1.000231	1.001333	1.000800	1.010397	1.011500
10.883588	1.009531	1.011422	-0.001891	0.999560	1.001449	1.000869	1.008082	1.009970
10.919946	1.009075	1.007339	0.001736	1.003299	1.001562	1.000937	1.007515	1.005781
10.959293	1.017843	1.014281	0.003562	1.005245	1.001680	1.001008	1.016150	1.012594
10.996374	1.009383	1.009218	0.000165	1.001956	1.001788	1.001073	1.007597	1.007432
11.032788	1.014108	1.013482	0.000626	1.002524	1.001890	1.001134	1.012212	1.011587
11.069157	1.005874	1.009202	-0.003327	0.998656	1.001989	1.001193	1.003895	1.007216
11.105559	1.014290	1.013475	0.000816	1.002903	1.002084	1.001250	1.012200	1.011386
11.141963	1.013874	1.010426	0.003448	1.005624	1.002175	1.001305	1.011694	1.008253
11.178344	1.013846	1.007637	0.006208	1.008470	1.002263	1.001358	1.011578	1.005384
11.214746	1.002041	1.005310	-0.003269	0.999068	1.002346	1.001408	0.999717	1.002979
11.251126	1.007281	1.009337	-0.002055	1.000366	1.002425	1.001455	1.004868	1.006918
11.287519	1.003994	1.009175	-0.005181	0.997313	1.002500	1.001500	1.001515	1.006683
11.323910	1.003143	1.009963	-0.006821	0.995743	1.002570	1.001542	1.000596	1.007399
11.360312	1.010754	1.011882	-0.001128	1.001505	1.002635	1.001581	1.008124	1.009249
11.396705	1.008401	1.010068	-0.001667	1.001020	1.002695	1.001617	1.005718	1.007380
11.433096	1.013078	1.012975	0.000104	1.002851	1.002749	1.001649	1.010328	1.010225
11.469499	1.014026	1.011860	0.002167	1.004961	1.002798	1.001679	1.011225	1.009065
11.505858	1.014007	1.012145	0.001861	1.004701	1.002840	1.001704	1.011163	1.009307
11.542259	1.012537	1.008664	0.003874	1.006745	1.002876	1.001726	1.009662	1.005799
11.578663	1.008034	1.011770	-0.003736	0.999168	1.002905	1.001743	1.005143	1.008868
11.615043	1.010482	1.012803	-0.002321	1.000612	1.002928	1.001757	1.007561	1.009875
11.651435	1.012205	1.010869	0.001336	1.004276	1.002943	1.001766	1.009265	1.007933
11.687838	1.008042	1.010726	-0.002684	1.000265	1.002950	1.001770	1.005106	1.007782
11.724229	1.013972	1.010831	0.003141	1.006091	1.002949	1.001770	1.011020	1.007888
11.760620	1.017947	1.015637	0.002311	1.005261	1.002940	1.001764	1.014992	1.012689
11.796990	1.016297	1.018017	-0.001719	1.001221	1.002923	1.001754	1.013365	1.015079
11.833393	1.010905	1.013154	-0.002249	1.000653	1.002896	1.001738	1.008014	1.010257
11.869805	1.023247	1.015532	0.007715	1.010588	1.002860	1.001716	1.020357	1.012664
11.906186	1.007456	1.009713	-0.002257	1.000557	1.002815	1.001689	1.004655	1.006906
11.942568	1.011538	1.012330	-0.000791	1.001971	1.002761	1.001656	1.008781	1.009570
11.978959	1.009651	1.011265	-0.001613	1.001086	1.002696	1.001618	1.006963	1.008572
12.015340	1.019867	1.015513	0.004354	1.006982	1.002622	1.001573	1.017226	1.012884
12.051753	1.010326	1.009860	0.000466	1.002999	1.002538	1.001523	1.007794	1.007330
12.088123	1.009910	1.010150	-0.000240	1.002198	1.002444	1.001466	1.007473	1.007713
12.124537	1.001776	1.001984	-0.000209	1.002104	1.002340	1.001404	0.999462	0.999670
12.160917	1.004544	1.010273	-0.005729	0.996494	1.002226	1.001335	1.002337	1.008053
12.197321	1.016532	1.012266	0.004266	1.006361	1.002102	1.001261	1.014423	1.010166
12.233690	1.011221	1.009617	0.001605	1.003565	1.001968	1.001181	1.009257	1.007656
12.270103	1.012005	1.008367	0.003638	1.005456	1.001825	1.001095	1.010182	1.006551
12.306474	1.013414	1.010273	0.003141	1.004808	1.001673	1.001004	1.011742	1.008606
12.342887	1.002721	1.006072	-0.003350	0.998155	1.001513	1.000908	1.001226	1.004572
12.379268	1.014312	1.011568	0.002743	1.004086	1.001343	1.000806	1.012970	1.010230
12.415669	1.009818	1.012738	-0.002920	0.998245	1.001166	1.000700	1.008660	1.011576
12.452073	1.011478	1.012821	-0.001343	0.999635	1.000981	1.000589	1.010504	1.011845
12.488442	1.011806	1.011777	0.000029	1.000814	1.000790	1.000474	1.011024	1.010995
12.524834	1.000942	1.005499	-0.004557	0.996027	1.000592	1.000355	1.000365	1.004919
12.561226	1.008078	1.008256	-0.000178	1.000206	1.000389	1.000233	1.007701	1.007879
12.597607	1.015318	1.010251	0.005067	1.005242	1.000180	1.000108	1.015148	1.010082
12.636198	1.010380	1.010027	0.000353	1.000301	0.999955	0.999973	1.010437	1.010084
12.674046	1.008251	1.007203	0.001048	1.000773	0.999731	0.999838	1.008534	1.007485
12.710425	1.010738	1.007469	0.003269	1.002776	0.999512	0.999707	1.011242	1.007971
12.746840	1.007152	1.007112	0.000040	0.999329	0.999293	0.999576	1.007874	1.007834
12.783219	1.005337	1.004038	0.001299	1.000367	0.999072	0.999444	1.006279	1.004979
12.819612	1.004506	1.002058	0.002448	1.001299	0.998853	0.999312	1.005667	1.003217
12.857449	0.997293	0.997860	-0.000567	0.998061	0.998626	0.999175	0.998673	0.999240
12.896029	0.993796	0.997161	-0.003366	0.995027	0.998397	0.999038	0.995397	0.998768
12.932443	1.000919	1.001221	-0.000302	0.997875	0.998185	0.998911	1.002744	1.003047
12.968823	0.999985	0.998547	0.001439	0.999413	0.997977	0.998787	1.002016	1.000575
13.005215	0.996123	0.999704	-0.003580	0.994188	0.997775	0.998665	0.998348	1.001937
13.041595	0.999526	1.000950	-0.001424	0.996149	0.997580	0.998548	1.001954	1.003381
13.077987	0.996221	0.996732	-0.000510	0.996882	0.997392	0.998435	0.998829	0.999340
13.114412	0.997537	0.996130	0.001407	0.998622	0.997212	0.998327	1.000328	0.998917
13.150770	0.999291	1.002333	-0.003043	0.993984	0.997042	0.998225	1.002257	1.005309
13.187184	1.004389	1.003572	0.000817	0.997686	0.996881	0.998129	1.007532	1.006712
13.223553	0.992736	0.997640	-0.004904	0.991827	0.996732	0.998039	0.995991	1.000911
13.259978	1.000335	0.998718	0.001616	0.998209	0.996594	0.997957	1.003752	1.002130
13.296349	1.001939	1.003259	-0.001321	0.995132	0.996469	0.997882	1.005488	1.006813
13.336019	0.997610	1.000191	-0.002581	0.993763	0.996348	0.997809	1.001265	1.003856
13.372787	1.003087	1.000528	0.002559	0.998807	0.996250	0.997750	1.006861	1.004292
13.409211	1.005459	1.004401	0.001058	0.997203	0.996167	0.997700	1.009325	1.008263
13.445614	1.002951	1.004131	-0.001181	0.994900	0.996099	0.997659	1.006875	1.008060
13.481996	1.000314	0.998918	0.001396	0.997444	0.996046	0.997628	1.004281	1.002879
13.518375	1.001896	1.001980	-0.000085	0.995912	0.996008	0.997605	1.005907	1.005992
13.554779	1.003214	1.002182	0.001031	0.997009	0.995986	0.997591	1.007252	1.006217
13.591171	0.997912	1.003434	-0.005522	0.990440	0.995979	0.997587	1.001936	1.007481
13.627550	0.993641	0.997263	-0.003622	0.992373	0.995987	0.997592	0.997640	1.001276
13.663941	1.000856	0.999126	0.001730	0.997740	0.996010	0.997606	1.004859	1.003122
13.700334	0.995638	1.002225	-0.006587	0.989450	0.996049	0.997629	0.999581	1.006194
13.736714	0.994175	0.996458	-0.002282	0.993831	0.996102	0.997661	0.998059	1.000350
13.773128	0.996206	0.996943	-0.000736	0.995440	0.996170	0.997702	1.000029	1.000768
13.811318	0.997004	1.001791	-0.004787	0.991459	0.996256	0.997753	1.000744	1.005548
14.063683	0.995497	0.994316	0.001181	0.999469	0.997140	0.998284	0.997203	0.996020
14.100085	0.988483	0.994760	-0.006277	0.992107	0.997301	0.998381	0.990080	0.996367
14.136465	0.992419	0.995011	-0.002592	0.995892	0.997468	0.998481	0.993922	0.996519
14.172869	0.989998	0.993246	-0.003249	0.995339	0.997639	0.998583	0.991395	0.994649
14.209249	0.994043	0.995329	-0.001287	0.997404	0.997812	0.998687	0.995342	0.996631
14.245663	0.994384	0.993625	0.000759	0.999554	0.997987	0.998792	0.995579	0.994819
14.282033	0.990150	0.995307	-0.005157	0.993742	0.998161	0.998897	0.991236	0.996399
14.318457	0.997775	0.996226	0.001549	1.000555	0.998335	0.999001	0.998766	0.997215
14.354826	0.997304	0.996731	0.000574	0.999679	0.998505	0.999103	0.998192	0.997618
14.391240	0.995792	0.997317	-0.001525	0.997680	0.998671	0.999202	0.996579	0.998105
14.427610	0.989692	0.995400	-0.005708	0.993589	0.998831	0.999299	0.990379	0.996091
14.464013	0.992479	0.998144	-0.005664	0.993733	0.998984	0.999390	0.993077	0.998744
14.500404	0.993933	0.996937	-0.003004	0.996480	0.999129	0.999477	0.994445	0.997450
14.536784	0.991277	0.995457	-0.004181	0.995381	0.999264	0.999559	0.991706	0.995889
14.573199	0.996603	0.993670	0.002933	1.002565	0.999389	0.999633	0.996961	0.994027
14.609569	0.986773	0.994270	-0.007497	0.992204	0.999501	0.999700	0.987060	0.994559
14.645971	0.995123	0.994744	0.000380	1.000141	0.999600	0.999760	0.995354	0.994974
14.682374	0.998243	0.996882	0.001361	1.001176	0.999685	0.999811	0.998424	0.997063
14.718765	0.996238	0.996631	-0.000393	0.999464	0.999754	0.999853	0.996376	0.996769
14.755146	1.000257	0.997637	0.002621	1.002511	0.999808	0.999885	1.000364	0.997744
14.791515	0.996044	0.999572	-0.003529	0.996386	0.999845	0.999907	0.996128	0.999657
14.827941	0.995407	0.997444	-0.002037	0.997885	0.999864	0.999918	0.995480	0.997517
14.864310	0.993338	0.997517	-0.004179	0.995743	0.999865	0.999919	0.993411	0.997590
14.900701	0.992064	0.995853	-0.003789	0.996119	0.999848	0.999909	0.992147	0.995936
14.937103	0.995823	0.995009	0.000814	1.000699	0.999812	0.999887	0.995928	0.995114
14.973484	0.999097	0.998248	0.000849	1.000707	0.999756	0.999854	0.999236	0.998386
15.009865	1.000920	0.995791	0.005130	1.004934	0.999682	0.999809	1.001104	0.995974
15.046279	0.995228	0.995503	-0.000275	0.999475	0.999588	0.999753	0.995467	0.995743
15.082660	0.995264	0.997678	-0.002414	0.997274	0.999476	0.999685	0.995571	0.997986
15.119062	0.998204	0.997920	0.000285	0.999893	0.999345	0.999607	0.998591	0.998306
15.155442	0.995822	0.996179	-0.000357	0.999159	0.999195	0.999517	0.996297	0.996655
15.192213	1.000089	0.995637	0.004452	1.003865	0.999026	0.999416	1.000669	0.996214
15.231860	0.991699	0.997969	-0.006270	0.993022	0.998824	0.999295	0.992394	0.998669
15.268251	0.995570	0.992701	0.002869	1.002038	0.998622	0.999173	0.996389	0.993518
15.304644	0.995599	0.995851	-0.000252	0.998789	0.998405	0.999043	0.996549	0.996802
15.341057	0.993136	0.992396	0.000740	0.999643	0.998174	0.998904	0.994223	0.993482
15.377438	0.996705	0.991438	0.005267	1.004022	0.997929	0.998757	0.997943	0.992669
15.413851	0.992607	0.990907	0.001700	1.000300	0.997673	0.998604	0.993993	0.992291
15.450210	0.992742	0.993823	-0.001081	0.997361	0.997406	0.998444	0.994288	0.995370
15.486602	0.997435	0.995077	0.002358	1.000637	0.997130	0.998278	0.999155	0.996793
15.523005	0.994144	0.994672	-0.000528	0.997582	0.996846	0.998108	0.996028	0.996557
15.559384	0.998832	0.996475	0.002356	1.000288	0.996557	0.997934	1.000900	0.998539
15.595787	0.997806	0.991530	0.006277	1.004036	0.996263	0.997758	1.000050	0.993759
15.632168	0.997825	0.995808	0.002017	0.999596	0.995966	0.997580	1.000247	0.998225
15.668592	0.996794	0.996519	0.000275	0.997673	0.995668	0.997401	0.999394	0.999118
15.704962	0.995077	0.994371	0.000706	0.997928	0.995371	0.997223	0.997852	0.997143
15.741343	0.996670	0.998145	-0.001475	0.995561	0.995076	0.997046	0.999627	1.001106
15.781024	0.998998	0.996648	0.002350	0.999199	0.994760	0.996856	1.002153	0.999795
15.817771	0.999431	0.997586	0.001845	0.998520	0.994474	0.996684	1.002761	1.000910
15.854152	0.991874	0.995230	-0.003356	0.993157	0.994198	0.996519	0.995344	0.998712
15.892733	0.995075	0.995594	-0.000520	0.995822	0.993916	0.996350	0.998726	0.999248
15.933502	0.994360	0.996539	-0.002179	0.993989	0.993632	0.996179	0.998181	1.000368
15.970604	0.992971	0.996036	-0.003065	0.992957	0.993389	0.996033	0.996933	1.000010
16.007008	0.991214	0.996002	-0.004787	0.991099	0.993164	0.995899	0.995304	1.000111
16.043386	0.998370	0.995936	0.002434	0.998194	0.992957	0.995774	1.002615	1.000171
16.079790	0.995649	0.994597	0.001051	0.996702	0.992767	0.995660	0.999997	0.998941
16.116182	0.991778	0.993224	-0.001445	0.994107	0.992596	0.995558	0.996213	0.997665
16.152575	0.995302	0.995231	0.000071	0.995529	0.992446	0.995467	0.999843	0.999772
16.189697	0.990815	0.994420	-0.003605	0.991778	0.992315	0.995389	0.995415	0.999037
16.229000	1.001691	0.998776	0.002915	0.998214	0.992201	0.995321	1.006411	1.003482
16.265406	0.992982	0.995810	-0.002828	0.992432	0.992121	0.995272	0.997709	1.000551
16.301775	0.994640	0.995753	-0.001113	0.994113	0.992065	0.995239	0.999409	1.000528
16.338188	0.995032	0.993729	0.001303	0.996518	0.992033	0.995220	0.999822	0.998512
16.374569	0.995127	0.996073	-0.000946	0.994253	0.992028	0.995217	0.999921	1.000871
16.410971	0.994024	0.994519	-0.000495	0.994723	0.992048	0.995229	0.998801	0.999298
16.447351	0.998164	0.997569	0.000595	0.995824	0.992094	0.995256	1.002933	1.002334
16.483742	0.992841	0.995976	-0.003135	0.992150	0.992166	0.995300	0.997541	1.000690
16.520145	0.992750	0.994505	-0.001755	0.993595	0.992265	0.995359	0.997390	0.999154
16.556515	0.996412	0.995300	0.001112	0.996533	0.992389	0.995433	1.000994	0.999877
16.592939	0.995946	0.995941	0.000005	0.995515	0.992539	0.995523	1.000435	1.000430
16.629299	0.993314	0.996029	-0.002714	0.992898	0.992714	0.995628	0.997687	1.000413
16.665712	0.996409	0.996151	0.000259	0.995992	0.992913	0.995748	1.000675	1.000415
16.702105	0.998634	0.996021	0.002613	0.998483	0.993137	0.995882	1.002774	1.000150
16.738506	0.999601	0.996476	0.003126	0.999139	0.993383	0.996030	1.003596	1.000458
16.774876	1.001327	0.994713	0.006614	1.002796	0.993650	0.996190	1.005166	0.998526
16.811300	0.996912	0.996803	0.000110	0.996459	0.993940	0.996364	1.000560	1.000450
16.847660	0.995791	0.997521	-0.001729	0.994807	0.994248	0.996549	0.999249	1.000984
16.884052	0.999303	0.996679	0.002624	0.999355	0.994574	0.996745	1.002575	0.999942
16.920486	0.996881	0.998019	-0.001138	0.995796	0.994918	0.996951	0.999937	1.001078
16.961203	1.002769	0.996926	0.005842	1.003025	0.995321	0.997192	1.005599	0.999740
17.000515	0.999235	0.997883	0.001352	0.998775	0.995726	0.997435	1.001810	1.000455
17.036896	0.995001	0.997424	-0.002424	0.995237	0.996113	0.997668	0.997332	0.999761
17.074011	1.000578	0.998106	0.002472	1.000375	0.996518	0.997911	1.002677	1.000200
17.113335	0.998120	0.997794	0.000326	0.998496	0.996957	0.998174	0.999950	0.999623
17.149727	1.001194	1.002373	-0.001180	0.997236	0.997370	0.998422	1.002779	1.003961
17.186108	0.999347	1.001655	-0.002308	0.996361	0.997788	0.998673	1.000678	1.002989
17.222500	1.004553	0.999354	0.005199	1.004122	0.998208	0.998925	1.005636	1.000431
17.258879	1.001966	1.001235	0.000731	0.999906	0.998630	0.999178	1.002792	1.002060
17.295282	1.000184	1.000485	-0.000301	0.999126	0.999051	0.999431	1.000754	1.001055
17.331686	1.000800	1.000634	0.000166	0.999846	0.999470	0.999682	1.001118	1.000952
17.368088	1.002017	0.999546	0.002471	1.002400	0.999885	0.999931	1.002086	0.999614
17.404457	1.004500	1.002569	0.001931	1.002107	1.000294	1.000176	1.004321	1.002391
17.440861	1.011154	1.002489	0.008665	1.009084	1.000695	1.000417	1.010730	1.002068
17.477240	1.004855	1.001220	0.003635	1.004288	1.001088	1.000653	1.004197	1.000564
17.513643	1.002926	1.001850	0.001075	1.001957	1.001470	1.000882	1.002038	1.000963
17.550035	1.003812	1.001089	0.002723	1.003830	1.001840	1.001104	1.002700	0.999980
17.588272	1.002428	1.001506	0.000921	1.002253	1.002216	1.001329	1.001091	1.000171
17.626495	0.994803	1.001712	-0.006910	0.994637	1.002575	1.001545	0.993262	1.000161
17.662865	1.009140	1.002832	0.006308	1.008051	1.002900	1.001740	1.007380	1.001083
17.699257	1.003507	1.002972	0.000535	1.002469	1.003210	1.001926	1.001571	1.001037
17.735638	1.004450	1.003325	0.001125	1.003230	1.003502	1.002101	1.002336	1.001214
17.772030	1.004717	1.003005	0.001712	1.003983	1.003776	1.002266	1.002438	1.000729
17.808422	1.006342	1.002346	0.003996	1.006414	1.004032	1.002419	1.003905	0.999919
17.844833	1.005503	1.002889	0.002613	1.005180	1.004268	1.002561	1.002925	1.000319
17.881205	1.007558	1.001874	0.005684	1.008376	1.004484	1.002691	1.004845	0.999177
17.917595	1.009174	1.003262	0.005912	1.008728	1.004681	1.002809	1.006338	1.000443
17.953999	1.002397	1.003354	-0.000957	1.001968	1.004858	1.002915	0.999474	1.000428
17.990402	1.004755	1.001662	0.003093	1.006107	1.005015	1.003009	1.001731	0.998646
18.026760	0.999462	1.003764	-0.004302	0.998800	1.005152	1.003091	0.996372	1.000661
18.063173	1.006381	1.003920	0.002461	1.005631	1.005270	1.003162	1.003198	1.000745
18.099554	1.005404	1.004263	0.001141	1.004375	1.005368	1.003221	1.002165	1.001028
18.135969	1.006194	1.003893	0.002301	1.005578	1.005448	1.003269	1.002905	1.000612
18.172348	1.006314	1.003601	0.002714	1.006030	1.005510	1.003306	1.002988	1.000283
18.208740	1.003582	1.003763	-0.000182	1.003159	1.005554	1.003332	1.000237	1.000418
18.245132	1.003670	1.004829	-0.001159	1.002201	1.005582	1.003349	1.000309	1.001464
18.281511	1.002717	1.004631	-0.001915	1.001452	1.005594	1.003356	0.999351	1.001259
18.317904	1.004047	1.004188	-0.000141	1.003222	1.005591	1.003355	1.000679	1.000819
18.354330	1.003661	1.003783	-0.000122	1.003231	1.005575	1.003345	1.000304	1.000426
18.393965	1.001352	1.003587	-0.002235	1.001099	1.005543	1.003326	0.998022	1.000250
18.430735	1.004774	1.004361	0.000413	1.003722	1.005502	1.003301	1.001457	1.001046
18.468925	1.005803	1.005078	0.000724	1.004001	1.005448	1.003268	1.002516	1.001794
18.507162	1.009589	1.004042	0.005547	1.008786	1.005384	1.003230	1.006328	1.000799
18.543533	0.998472	1.003473	-0.005001	0.998196	1.005315	1.003189	0.995288	1.000273
18.582479	1.002786	1.003196	-0.000410	1.002734	1.005235	1.003141	0.999636	1.000045
18.619961	1.004119	1.002650	0.001469	1.004565	1.005153	1.003092	1.001015	0.999550
18.656351	1.005823	1.002919	0.002904	1.005950	1.005070	1.003042	1.002764	0.999868
18.692778	1.004449	1.003075	0.001374	1.004371	1.004985	1.002991	1.001446	1.000075
18.729136	1.008691	1.003938	0.004753	1.007705	1.004899	1.002939	1.005727	1.000988
18.765528	1.006628	1.004123	0.002506	1.005405	1.004813	1.002888	1.003722	1.001223
18.801920	1.002873	1.004240	-0.001368	1.001482	1.004729	1.002837	1.000028	1.001392
18.838322	1.000327	1.004261	-0.003933	0.998866	1.004647	1.002789	0.997539	1.001461
18.874691	1.011276	1.005779	0.005497	1.008254	1.004570	1.002742	1.008504	1.003022
18.911104	0.998906	1.003907	-0.005001	0.997704	1.004497	1.002698	0.996212	1.001199
18.947508	1.002293	1.002640	-0.000347	1.002315	1.004430	1.002658	0.999630	0.999976
18.983877	1.005932	1.003705	0.002227	1.004852	1.004369	1.002621	1.003296	1.001075
19.020267	0.996850	1.003125	-0.006275	0.996320	1.004315	1.002589	0.994271	1.000529
19.056660	0.997862	1.003408	-0.005546	0.997018	1.004270	1.002562	0.995307	1.000839
19.093040	0.999384	1.003681	-0.004297	0.998244	1.004233	1.002540	0.996847	1.001134
19.129442	1.005726	1.003316	0.002410	1.004935	1.004205	1.002523	1.003190	1.000786
19.165846	1.007574	1.003316	0.004259	1.006772	1.004187	1.002512	1.005045	1.000797
19.202250	1.008602	1.003176	0.005425	1.007934	1.004179	1.002507	1.006075	1.000664
19.238640	1.006637	1.002869	0.003768	1.006276	1.004180	1.002508	1.004115	1.000356
19.275009	1.004932	1.003258	0.001674	1.004189	1.004191	1.002515	1.002408	1.000738
19.311390	1.002029	1.002944	-0.000915	1.001613	1.004212	1.002527	0.999499	1.000412
19.347815	1.003025	1.003759	-0.000734	1.001813	1.004243	1.002546	1.000475	1.001206
19.384207	1.001482	1.003434	-0.001952	1.000618	1.004284	1.002570	0.998912	1.000858
19.420588	1.004200	1.003837	0.000363	1.002962	1.004333	1.002600	1.001593	1.001231
19.456968	1.000956	1.004746	-0.003791	0.998846	1.004392	1.002635	0.998322	1.002102
19.493370	1.002922	1.003156	-0.000234	1.002441	1.004459	1.002675	1.000243	1.000476
19.529739	0.998237	1.003804	-0.005567	0.997151	1.004533	1.002720	0.995526	1.001078
19.566143	1.000243	1.002783	-0.002540	1.000229	1.004614	1.002769	0.997479	1.000012
19.602558	1.004999	1.004462	0.000537	1.003364	1.004702	1.002821	1.002169	1.001634
19.638948	0.999753	1.004839	-0.005087	0.997796	1.004794	1.002877	0.996883	1.001955
19.675306	1.001501	1.003040	-0.001540	1.001398	1.004891	1.002935	0.998568	1.000103
19.713888	0.999796	1.004438	-0.004642	0.998363	1.004998	1.002999	0.996805	1.001433
19.751745	1.004815	1.003890	0.000925	1.003987	1.005105	1.003063	1.001745	1.000823
19.788160	1.000208	1.004053	-0.003845	0.999280	1.005209	1.003125	0.997089	1.000923
19.824518	0.996712	1.004456	-0.007743	0.995445	1.005313	1.003188	0.993543	1.001262
19.860943	1.000305	1.003368	-0.003063	1.000187	1.005416	1.003249	0.997063	1.000116
19.897301	1.004923	1.003345	0.001578	1.004888	1.005517	1.003310	1.001605	1.000032
19.933704	1.005134	1.003802	0.001332	1.004699	1.005614	1.003368	1.001757	1.000429
19.970097	1.002250	1.003520	-0.001270	1.002153	1.005707	1.003424	0.998827	1.000093
20.006475	1.005983	1.004572	0.001410	1.004891	1.005795	1.003477	1.002495	1.001090
20.042891	0.995869	1.003873	-0.008004	0.995519	1.005875	1.003525	0.992369	1.000344
20.079260	1.001646	1.004367	-0.002721	1.000849	1.005948	1.003569	0.998082	1.000793
20.115673	1.007259	1.004450	0.002809	1.006417	1.006012	1.003607	1.003636	1.000837
20.152054	1.000982	1.004248	-0.003266	1.000375	1.006066	1.003640	0.997349	1.000603
20.188446	1.001969	1.003168	-0.001199	1.002464	1.006110	1.003666	0.998307	0.999501
20.224838	1.004932	1.005185	-0.000253	1.003440	1.006141	1.003685	1.001241	1.001493
20.261219	1.007990	1.003191	0.004799	1.008494	1.006160	1.003696	1.004276	0.999494
20.297642	1.003038	1.004039	-0.001001	1.002700	1.006166	1.003700	0.999339	1.000336
20.337645	1.007727	1.004607	0.003120	1.006819	1.006157	1.003694	1.004016	1.000907
20.374039	0.998776	1.004308	-0.005531	0.998150	1.006132	1.003679	0.995113	1.000624
20.410450	1.008916	1.004378	0.004538	1.008194	1.006093	1.003656	1.005239	1.000717
20.446831	1.004820	1.004636	0.000184	1.003807	1.006038	1.003623	1.001191	1.001007
20.483212	1.005300	1.004382	0.000918	1.004499	1.005967	1.003580	1.001711	1.000796
20.519615	0.999029	1.004402	-0.005373	0.998157	1.005881	1.003528	0.995515	1.000869
20.558174	1.004365	1.003429	0.000936	1.004397	1.005771	1.003463	1.000897	0.999964
20.596043	1.006529	1.003747	0.002782	1.006168	1.005645	1.003387	1.003129	1.000357
20.632423	1.003110	1.003252	-0.000142	1.003158	1.005508	1.003305	0.999804	0.999946
20.668827	1.003213	1.004059	-0.000846	1.002366	1.005355	1.003213	0.999999	1.000842
20.705196	1.005182	1.004726	0.000456	1.003568	1.005187	1.003112	1.002062	1.001608
20.741598	1.008076	1.003709	0.004367	1.007367	1.005003	1.003002	1.005058	1.000704
20.777990	1.007012	1.004324	0.002688	1.005569	1.004804	1.002882	1.004117	1.001437
20.814383	1.004270	1.003501	0.000769	1.003521	1.004591	1.002754	1.001511	1.000744
20.850750	1.003052	1.004556	-0.001505	1.001111	1.004364	1.002618	1.000432	1.001933
20.899899	1.006564	1.002971	0.003593	1.006012	1.004037	1.002422	1.004131	1.000547
