0.020543	1.015703	1.008778	1.014936	1.008016	1.006925	1.007626	1.000756
0.059462	1.015808	1.008664	1.015427	1.008286	1.007144	1.007461	1.000376
0.096947	1.013579	1.005471	1.016634	1.008502	1.008107	1.005034	0.996995
0.133320	1.011842	1.010201	1.010310	1.008671	1.001641	1.003143	1.001516
0.169705	1.011520	1.008385	1.011936	1.008800	1.003135	1.002696	0.999589
0.206079	1.006131	1.013358	1.001694	1.008889	0.992773	0.997266	1.004429
0.242497	1.011549	1.008858	1.011631	1.008939	1.002692	1.002587	0.999919
0.278850	1.012045	1.010452	1.010542	1.008952	1.001592	1.003065	1.001487
0.315246	1.015521	1.011908	1.012531	1.008929	1.003613	1.006533	1.002953
0.351619	1.015265	1.010042	1.014090	1.008872	1.005224	1.006337	1.001159
0.388027	1.012902	1.016079	1.005628	1.008783	0.996823	1.004083	1.007233
0.424389	1.020706	1.017358	1.011984	1.008664	1.003348	1.011938	1.008619
0.460785	1.020833	1.015274	1.014042	1.008519	1.005559	1.012210	1.006697
0.497159	1.017629	1.017268	1.008708	1.008350	1.000361	1.009202	1.008844
0.533567	1.012670	1.013997	1.006840	1.008159	0.998673	1.004474	1.005791
0.569929	1.011489	1.015991	1.003483	1.007950	0.995498	1.003511	1.007978
0.606325	1.012201	1.011701	1.008223	1.007724	1.000500	1.004443	1.003946
0.642699	1.016142	1.011483	1.012127	1.007486	1.004659	1.008592	1.003968
0.679095	1.019998	1.016616	1.010588	1.007237	1.003382	1.012669	1.009312
0.715491	1.008812	1.009752	1.006043	1.006980	0.999060	1.001819	1.002753
0.751877	1.006498	1.011838	1.001405	1.006718	0.994660	0.999781	1.005086
0.788250	1.009783	1.013209	1.003049	1.006452	0.996574	1.003309	1.006713
0.824635	1.002400	1.011642	0.996993	1.006185	0.990758	0.996238	1.005424
0.861019	1.015090	1.013722	1.007275	1.005918	1.001368	1.009119	1.007759
0.897416	1.013120	1.009092	1.009666	1.005652	1.004028	1.007427	1.003421
0.933801	1.015116	1.014796	1.005705	1.005388	1.000320	1.009676	1.009358
0.970175	1.022821	1.013564	1.014309	1.005128	1.009258	1.017603	1.008392
1.006549	1.013208	1.012998	1.005081	1.004873	1.000210	1.008295	1.008085
1.042966	1.012903	1.013132	1.004394	1.004621	0.999771	1.008244	1.008472
1.079330	1.010302	1.013377	1.001327	1.004375	0.996925	1.005902	1.008963
1.115714	1.018224	1.014159	1.008157	1.004133	1.004065	1.014034	1.009986
1.152089	1.012305	1.011412	1.004781	1.003895	1.000893	1.008378	1.007488
1.188496	1.008997	1.010335	1.002331	1.003660	0.998662	1.005317	1.006650
1.224870	1.012872	1.010374	1.005909	1.003429	1.002498	1.009411	1.006922
1.262710	1.013256	1.013524	1.002925	1.003190	0.999732	1.010034	1.010301
1.304916	1.014626	1.008448	1.009070	1.002926	1.006178	1.011666	1.005506
1.341302	1.017242	1.013219	1.006679	1.002698	1.004023	1.014505	1.010493
1.377698	1.011503	1.008615	1.005339	1.002469	1.002887	1.009011	1.006131
1.414072	1.013662	1.008636	1.007232	1.002238	1.005026	1.011398	1.006383
1.450468	1.009793	1.004558	1.007228	1.002005	1.005236	1.007773	1.002547
1.486852	1.013371	1.005286	1.009825	1.001768	1.008085	1.011582	1.003511
1.523237	1.010358	1.003610	1.008262	1.001527	1.006748	1.008817	1.002079
1.559634	1.008174	1.006704	1.002743	1.001281	1.001470	1.006884	1.005416
1.595986	1.011369	1.007207	1.005167	1.001031	1.004162	1.010327	1.006170
1.632382	1.012575	1.008834	1.004485	1.000775	1.003740	1.011791	1.008053
1.668778	1.009266	1.008775	1.001001	1.000513	1.000491	1.008748	1.008257
1.705151	1.008611	1.011353	0.997535	1.000247	0.997258	1.008363	1.011104
1.741547	1.018942	1.014370	1.004483	0.999976	1.004572	1.018966	1.014394
1.777944	1.014278	1.012354	1.001601	0.999701	1.001924	1.014581	1.012656
1.814306	1.007298	1.011444	0.995327	0.999424	0.995853	1.007878	1.012027
1.850701	1.006761	1.009541	0.996393	0.999145	0.997220	1.007623	1.010405
1.887087	1.008077	1.010818	0.996157	0.998865	0.997259	1.009222	1.011966
1.923472	1.012804	1.010516	1.000849	0.998587	1.002288	1.014237	1.011945
1.959857	1.001165	1.008437	0.991114	0.998313	0.992728	1.002857	1.010142
1.996231	0.999044	1.007224	0.989937	0.998043	0.991820	1.001003	1.009200
2.032627	1.007699	1.008523	0.996965	0.997780	0.999176	1.009941	1.010767
2.069001	1.001548	1.005096	0.994006	0.997527	0.996452	1.004031	1.007588
2.105408	1.010494	1.003557	1.004179	0.997285	1.006937	1.013245	1.006289
2.141780	1.004032	1.002250	0.998829	0.997057	1.001781	1.006995	1.005208
2.178145	1.001839	1.004524	0.994181	0.996846	0.997315	1.005009	1.007702
2.214541	1.001238	1.004707	0.993211	0.996652	0.996531	1.004601	1.008082
2.250915	1.001116	1.001487	0.996109	0.996478	0.999629	1.004655	1.005027
2.287322	0.998130	1.005499	0.989025	0.996327	0.992631	1.001810	1.009207
2.323706	1.001881	1.002264	0.995817	0.996199	0.999616	1.005704	1.006089
2.360091	1.005282	1.002495	0.998866	0.996096	1.002787	1.009222	1.006424
2.396465	0.999425	0.998395	0.997049	0.996021	1.001030	1.003418	1.002383
2.432851	1.000676	1.004706	0.991978	0.995973	0.995970	1.004721	1.008768
2.469225	1.000190	1.001665	0.994487	0.995954	0.998525	1.004254	1.005735
2.505621	1.001091	1.003965	0.993112	0.995963	0.997126	1.005148	1.008034
2.542027	1.005272	1.000993	1.000260	0.996002	1.004279	1.009308	1.005011
2.578390	1.006796	1.005259	0.997592	0.996069	1.001536	1.010769	1.009226
2.614765	0.998106	1.001948	0.992345	0.996164	0.996158	1.001949	1.005806
2.651161	0.995179	1.000623	0.990867	0.996287	0.994557	0.998888	1.004352
2.687535	1.007415	1.001515	1.002305	0.996435	1.005900	1.011019	1.005098
2.723941	0.996504	1.001539	0.991597	0.996608	0.994965	0.999896	1.004948
2.760326	0.999220	1.001245	0.994786	0.996803	0.997975	1.002425	1.004457
2.796722	1.001006	0.996837	1.001187	0.997017	1.004169	1.004001	0.999819
2.833107	1.002910	1.000886	0.999266	0.997249	1.002024	1.005677	1.003647
2.869481	1.004755	0.998206	1.004040	0.997496	1.006549	1.007277	1.000712
2.905878	0.996468	1.001745	0.992497	0.997753	0.994723	0.998712	1.004001
2.942251	1.007499	1.001915	1.003583	0.998020	1.005584	1.009498	1.003903
2.978636	0.997276	1.001525	0.994056	0.998291	0.995751	0.998983	1.003239
3.015020	1.008215	1.003748	1.003008	0.998565	1.004467	1.009664	1.005191
3.051407	1.004731	1.003667	0.999896	0.998837	1.001064	1.005901	1.004836
3.087791	1.003321	1.002912	0.999510	0.999103	1.000409	1.004221	1.003812
3.124210	1.006792	1.008526	0.997643	0.999362	0.998265	1.007435	1.009170
3.160572	1.006535	1.008788	0.997377	0.999609	0.997747	1.006929	1.009183
3.196957	1.001024	1.007628	0.993289	0.999841	0.993397	1.001183	1.007788
3.233342	1.012871	1.008397	1.004493	1.000057	1.004473	1.012814	1.008340
3.269738	1.005866	1.005291	1.000825	1.000252	1.000575	1.005613	1.005038
3.306101	1.006186	1.007581	0.999040	1.000425	0.998605	1.005759	1.007153
3.342497	1.003350	1.005941	0.997998	1.000575	0.997409	1.002773	1.005362
3.378904	1.012303	1.003452	1.009526	1.000699	1.008851	1.011596	1.002751
3.415267	1.007738	1.008717	0.999825	1.000797	0.999021	1.006936	1.007914
3.451640	1.005205	1.006145	0.999931	1.000867	0.999060	1.004335	1.005274
3.488059	1.006506	1.003264	1.004143	1.000909	1.003242	1.005592	1.002353
3.524433	0.999712	1.002553	0.998088	1.000923	0.997160	0.998790	1.001628
3.560807	1.005862	1.005187	1.001583	1.000911	1.000675	1.004946	1.004272
3.597179	1.002045	1.003884	0.999039	1.000872	0.998161	1.001172	1.003009
3.633576	1.005300	1.004315	1.001790	1.000808	1.000985	1.004488	1.003503
3.669950	1.007916	1.007868	1.000769	1.000722	1.000048	1.007189	1.007141
3.706358	1.008210	1.006704	1.002110	1.000614	1.001505	1.007591	1.006086
3.742721	1.003822	1.006294	0.998031	1.000488	0.997528	1.003332	1.005803
3.779116	1.009151	1.006735	1.002748	1.000346	1.002417	1.008802	1.006386
3.815501	1.014602	1.009039	1.005706	1.000191	1.005563	1.014408	1.008846
3.851897	1.005258	1.007690	0.997613	1.000027	0.997567	1.005230	1.007663
3.888271	1.003639	1.009337	0.994212	0.999857	0.994302	1.003783	1.009482
3.924668	1.001698	1.006897	0.994521	0.999683	0.994801	1.002015	1.007216
3.961042	1.006095	1.007376	0.998240	0.999511	0.998719	1.006587	1.007868
3.999981	1.002102	1.002430	0.999004	0.999331	0.999672	1.002773	1.003101
4.037466	1.009796	1.008655	1.000297	0.999167	1.001141	1.010638	1.009496
4.073829	1.003446	1.005863	0.996618	0.999019	0.997583	1.004432	1.006851
4.110236	1.008644	1.006135	1.001376	0.998886	1.002508	1.009769	1.007258
4.146621	1.006836	1.003987	1.001604	0.998770	1.002849	1.008076	1.005223
4.182983	1.005963	1.003243	1.001382	0.998674	1.002720	1.007298	1.004575
4.219390	1.004128	1.006803	0.995947	0.998601	0.997325	1.005535	1.008214
4.255765	1.001788	1.004734	0.995623	0.998552	0.997053	1.003241	1.006192
4.292139	1.003972	1.003895	0.998605	0.998529	1.000077	1.005451	1.005375
4.328524	0.996969	1.002987	0.992542	0.998532	0.993983	0.998435	1.004461
4.364931	1.006567	1.008025	0.997120	0.998564	0.998543	1.008015	1.009475
4.401294	1.008152	1.007252	0.999514	0.998623	1.000899	1.009542	1.008641
4.437700	1.011074	1.005893	1.003853	0.998709	1.005181	1.012381	1.007193
4.474074	1.004001	1.006986	0.995861	0.998822	0.997015	1.005184	1.008173
4.510459	1.017903	1.012926	1.003869	0.998961	1.004977	1.018962	1.013980
4.546834	1.008505	1.009404	0.998233	0.999123	0.999102	1.009391	1.010290
4.583230	1.010802	1.009483	1.000611	0.999306	1.001318	1.011504	1.010184
4.619615	1.007573	1.004721	1.002345	0.999508	1.002852	1.008069	1.005215
4.656000	1.013057	1.008625	1.004117	0.999725	1.004431	1.013335	1.008903
4.692373	1.001339	1.005528	0.995789	0.999955	0.995811	1.001384	1.005574
4.728780	1.005555	1.006729	0.999027	1.000193	0.998826	1.005361	1.006534
4.765154	1.008353	1.008261	1.000527	1.000436	1.000092	1.007913	1.007821
4.801528	1.007861	1.006178	1.002353	1.000679	1.001683	1.007177	1.005495
4.837924	1.007564	1.007772	1.000713	1.000919	0.999792	1.006638	1.006846
4.874298	1.008711	1.002897	1.006956	1.001152	1.005815	1.007551	1.001743
4.910694	1.002479	1.003140	1.000711	1.001372	0.999339	1.001105	1.001766
4.947079	1.005330	1.005485	1.001420	1.001575	0.999845	1.003749	1.003904
4.983453	0.998805	1.004264	0.996312	1.001758	0.994541	0.997052	1.002502
5.019849	1.006041	1.005511	1.002445	1.001917	1.000530	1.004116	1.003587
5.056222	1.011851	1.009447	1.004433	1.002047	1.002404	1.009784	1.007385
5.092608	1.010710	1.010289	1.002564	1.002147	1.000421	1.008545	1.008125
5.129004	1.011429	1.009155	1.004470	1.002212	1.002274	1.009196	1.006927
5.165389	1.008627	1.011719	0.999178	1.002240	0.996909	1.006373	1.009457
5.201774	1.011659	1.008965	1.004907	1.002230	1.002695	1.009408	1.006719
5.238159	1.007525	1.007053	1.002650	1.002180	1.000472	1.005333	1.004862
5.274543	1.009423	1.007139	1.004361	1.002089	1.002284	1.007320	1.005040
5.310929	1.005116	1.004611	1.002458	1.001955	1.000505	1.003155	1.002651
5.347313	1.002601	1.005686	0.998708	1.001781	0.996915	1.000819	1.003898
5.383721	1.006294	1.003641	1.004213	1.001565	1.002654	1.004722	1.002072
5.420083	0.998347	1.003280	0.996388	1.001311	0.995068	0.997041	1.001966
5.456480	1.007113	1.004451	1.003672	1.001019	1.002662	1.006088	1.003429
5.492854	1.002009	1.005150	0.997565	1.000692	0.996859	1.001316	1.004455
5.529250	1.000180	1.002069	0.998447	1.000332	0.998111	0.999847	1.001736
5.565623	0.995171	1.003003	0.992137	0.999945	0.992168	0.995226	1.003058
5.602008	1.001785	1.003364	0.997961	0.999534	0.998422	1.002253	1.003832
5.638404	1.002514	1.005675	0.995961	0.999102	0.996839	1.003415	1.006579
5.674789	1.002001	1.004245	0.996423	0.998654	0.997756	1.003351	1.005598
5.711185	1.003746	1.003726	0.998217	0.998197	1.000021	1.005560	1.005539
5.747548	1.013936	1.007956	1.003654	0.997735	1.005980	1.016238	1.010244
5.783944	0.997674	1.001900	0.993066	0.997272	0.995774	1.000403	1.004641
5.820340	1.004025	0.999819	1.001009	0.996816	1.004206	1.007232	1.003013
5.856703	0.997533	1.000759	0.993159	0.996371	0.996774	1.001166	1.004404
5.893077	1.000306	0.997279	0.998967	0.995943	1.003028	1.004381	1.001341
5.929494	1.003753	0.996055	1.003229	0.995536	1.007697	1.008253	1.000522
5.965880	0.994186	0.996902	0.992446	0.995157	0.997284	0.999023	1.001753
6.002253	0.996766	0.996365	0.995211	0.994810	1.000401	1.001966	1.001563
6.038639	0.996585	0.992694	0.998398	0.994499	1.003891	1.002098	0.998185
6.075036	0.997229	0.992426	0.999041	0.994229	1.004803	1.003018	0.998187
6.111420	0.990071	0.993643	0.990428	0.994002	0.996427	0.996045	0.999639
6.147816	0.993354	0.992956	0.994221	0.993822	1.000399	0.999529	0.999128
6.184189	0.992470	0.991734	0.994430	0.993692	1.000736	0.998770	0.998029
6.220585	0.997616	0.999866	0.991377	0.993613	0.997750	1.004029	1.006294
6.256959	0.993718	0.992628	0.994677	0.993585	1.001091	1.000134	0.999036
6.293355	1.000148	0.997638	0.996111	0.993611	1.002510	1.006579	1.004053
6.331562	0.997993	1.000017	0.991684	0.993695	0.997976	1.004325	1.006362
6.369758	0.993616	0.998731	0.988747	0.993836	0.994886	0.999779	1.004925
6.406155	1.000924	0.998120	0.996814	0.994022	1.002804	1.006944	1.004123
6.442528	0.998182	0.997389	0.995045	0.994255	1.000793	1.003949	1.003152
6.478925	0.993939	0.997179	0.991303	0.994534	0.996760	0.999401	1.002659
6.515309	1.001490	0.996415	0.999922	0.994855	1.005075	1.006670	1.001568
6.551683	0.997298	0.997976	0.994538	0.995214	0.999323	1.002095	1.002775
6.588101	1.002368	0.999308	0.998655	0.995606	1.003060	1.006791	1.003718
6.624464	0.991025	0.990269	0.996787	0.996027	1.000756	0.994978	0.994220
6.660827	0.993003	0.994351	0.995120	0.996471	0.998652	0.996520	0.997873
6.697235	0.997053	0.997500	0.996487	0.996933	0.999553	1.000120	1.000569
6.733597	0.989526	0.997007	0.989924	0.997407	0.992519	0.992098	0.999598
6.769992	0.992107	0.995330	0.994657	0.997889	0.996777	0.994206	0.997436
6.806378	0.998086	0.997683	0.998773	0.998370	1.000402	0.999716	0.999312
6.842762	1.001684	0.995456	1.005095	0.998846	1.006228	1.002841	0.996606
6.879181	0.993086	0.996038	0.996349	0.999311	0.997048	0.993771	0.996724
6.917732	0.996489	0.999192	0.997080	0.999784	0.997297	0.996704	0.999408
6.955573	1.000660	0.999744	1.001141	1.000225	1.000916	1.000435	0.999520
6.991948	1.009554	1.001902	1.008261	1.000620	1.007652	1.008929	1.001282
7.028320	1.003594	1.002654	1.001920	1.000982	1.000940	1.002610	1.001671
7.064727	1.008894	1.006559	1.003631	1.001307	1.002335	1.007577	1.005244
7.101101	1.010550	1.011345	1.000805	1.001593	0.999205	1.008943	1.009737
7.137475	1.008798	1.006980	1.003643	1.001834	1.001818	1.006951	1.005136
7.173882	0.998393	1.006366	0.994091	1.002030	0.992027	0.996370	1.004327
7.210257	1.003536	1.007020	0.998711	1.002178	0.996516	1.001356	1.004832
7.246641	1.004210	1.002593	1.003892	1.002276	1.001616	1.001929	1.000316
7.283037	1.005335	1.005594	1.002067	1.002325	0.999741	1.003003	1.003261
7.319411	1.001982	1.000107	1.004204	1.002324	1.001875	0.999659	0.997788
7.355785	1.000081	0.999546	1.002811	1.002274	1.000535	0.997812	0.997278
7.392182	1.004027	1.002153	1.004051	1.002177	1.001874	1.001846	0.999976
7.428566	1.003013	1.004035	1.001015	1.002034	0.998978	1.000977	1.001997
7.464952	0.999773	1.004152	0.997480	1.001849	0.995620	0.997927	1.002299
7.501347	1.008592	1.003931	1.006274	1.001624	1.004661	1.006956	1.002303
7.537721	1.000362	1.005487	0.996260	1.001364	0.994875	0.999000	1.004118
7.574106	0.997651	0.998462	1.000257	1.001071	0.999188	0.996583	0.997394
7.610502	0.999667	0.998988	1.001432	1.000752	1.000679	0.998916	0.998237
7.646864	0.995394	0.997479	0.998319	1.000411	0.997915	0.994985	0.997069
7.683250	1.004311	1.000797	1.003563	1.000052	1.003514	1.004259	1.000745
7.719646	0.999575	1.005725	0.993569	0.999681	0.993850	0.999894	1.006046
7.756042	1.004490	1.002977	1.000811	0.999304	1.001512	1.005189	1.003675
7.792405	1.001238	1.004119	0.996061	0.998927	0.997120	1.002314	1.005197
7.828801	1.004558	1.002653	1.000451	0.998553	1.001906	1.006014	1.004105
7.865186	1.004085	1.005930	0.996360	0.998190	0.998156	1.005906	1.007754
7.901559	1.004653	1.003143	0.999343	0.997841	1.001510	1.006827	1.005314
7.937966	1.002306	0.998294	1.001520	0.997511	1.004012	1.004807	1.000785
7.974351	1.002647	0.997999	1.001850	0.997206	1.004648	1.005456	1.000796
8.010725	0.999804	0.999611	0.997121	0.996928	1.000193	1.002885	1.002691
8.047110	0.996662	0.996439	0.996905	0.996682	1.000223	0.999980	0.999756
8.083507	0.998027	0.995790	0.998709	0.996470	1.002237	1.001562	0.999317
8.119880	0.993249	0.992433	0.997115	0.996296	1.000816	0.996943	0.996123
8.156255	0.995747	0.994239	0.997670	0.996160	1.001507	0.999585	0.998072
8.192638	0.998320	0.994887	0.999502	0.996065	1.003433	1.002264	0.998817
8.229025	0.992654	0.992076	0.996591	0.996010	1.000579	0.996631	0.996050
8.265442	0.983558	0.991561	0.987958	0.995997	0.991997	0.987511	0.995546
8.301804	0.996341	0.993453	0.998921	0.996025	1.002889	1.000318	0.997418
8.338190	1.004122	1.001620	0.998580	0.996091	1.002502	1.008062	1.005550
8.374575	1.006249	0.998802	1.003624	0.996196	1.007447	1.010092	1.002616
8.410959	1.004392	0.999730	1.000983	0.996336	1.004662	1.008085	1.003406
8.447333	0.993188	1.001251	0.988485	0.996510	0.991937	0.996667	1.004758
8.483719	0.995655	0.998870	0.993504	0.996712	0.996785	0.998939	1.002165
8.520115	1.000558	1.000760	0.996740	0.996941	0.999798	1.003628	1.003831
8.556499	0.997266	0.999436	0.995026	0.997191	0.997830	1.000075	1.002252
8.593263	0.997783	0.999115	0.996132	0.997462	0.998667	1.000321	1.001657
8.632925	0.989270	0.996758	0.990274	0.997769	0.992513	0.991482	0.998986
8.672920	0.998484	0.999339	0.997234	0.998088	0.999145	1.000396	1.001253
8.709317	0.997645	0.997747	0.998279	0.998382	0.999897	0.999261	0.999364
8.745724	0.999573	0.999519	0.998727	0.998673	1.000054	1.000900	1.000846
8.782120	0.992085	0.996720	0.994312	0.998958	0.995364	0.993120	0.997760
8.818504	1.001616	0.997191	1.003666	0.999232	1.004425	1.002387	0.997958
8.854878	0.997850	0.993919	1.003443	0.999489	1.003931	0.998360	0.994427
8.891274	0.991654	0.996133	0.995232	0.999727	0.995521	0.991925	0.996405
8.927659	0.989741	0.991551	0.998118	0.999942	0.998191	0.989799	0.991608
8.964054	0.990720	0.988925	1.001946	1.000130	1.001795	0.990591	0.988796
9.000428	0.996970	0.999062	0.998194	1.000289	0.997907	0.996682	0.998774
9.036814	0.995639	0.999296	0.996754	1.000416	0.996343	0.995226	0.998881
9.073210	1.001015	0.998346	1.003184	1.000509	1.002669	1.000506	0.997838
9.109607	0.997967	1.001978	0.996561	1.000567	0.995989	0.997401	1.001410
9.145980	1.005792	1.001454	1.004924	1.000589	1.004339	1.005200	1.000864
9.182376	1.003833	0.999698	1.004715	1.000576	1.004135	1.003255	0.999123
9.218771	1.002133	0.998804	1.003863	1.000528	1.003330	1.001605	0.998277
9.255135	1.003905	0.999578	1.004776	1.000445	1.004328	1.003459	0.999133
9.291531	0.993939	0.996817	0.997441	1.000329	0.997122	0.993612	0.996489
9.327915	0.988403	0.992497	0.996057	1.000183	0.995906	0.988223	0.992316
9.364300	0.999226	0.993620	1.005651	1.000009	1.005607	0.999218	0.993611
9.400663	0.983724	0.988735	0.994743	0.999810	0.994989	0.983911	0.988923
9.437071	0.994549	0.992835	1.001315	0.999590	1.001714	0.994957	0.993242
9.473455	0.996359	0.992069	1.003674	0.999353	1.004290	0.997005	0.992712
9.509840	0.998178	0.994393	1.002905	0.999102	1.003785	0.999075	0.995287
9.546226	0.990599	0.994360	0.995065	0.998843	0.996239	0.991747	0.995512
9.582599	0.995383	0.992603	1.001377	0.998580	1.002780	0.996799	0.994014
9.618984	0.992054	0.992978	0.997389	0.998318	0.999076	0.993726	0.994651
9.655369	0.990008	0.993888	0.994165	0.998061	0.996120	0.991931	0.995819
9.691766	0.995933	0.990728	1.003057	0.997815	1.005205	0.998113	0.992897
9.728140	0.990570	0.994737	0.993405	0.997585	0.995832	0.992968	0.997146
9.764513	0.992305	0.998742	0.990945	0.997374	0.993563	0.994918	1.001372
9.800920	0.999791	0.999745	0.997232	0.997187	1.000046	1.002612	1.002566
9.837294	0.998286	0.994618	1.000705	0.997028	1.003668	1.001262	0.997583
9.873679	0.996953	0.995442	0.998414	0.996901	1.001511	1.000051	0.998536
9.910052	0.994360	0.999544	0.991640	0.996810	0.994816	0.997542	1.002742
9.946460	0.994395	0.991996	0.999167	0.996757	1.002399	0.997630	0.995224
9.982845	0.994063	0.994743	0.996063	0.996745	0.999320	0.997310	0.997992
10.019241	0.999956	0.990836	1.005949	0.996775	1.009120	1.003191	0.994042
10.055614	0.986896	0.989329	0.994397	0.996849	0.997567	0.990015	0.992456
10.091988	0.989467	0.990948	0.995478	0.996968	0.998519	0.992476	0.993962
10.128363	0.994624	0.987286	1.004543	0.997132	1.007338	0.997484	0.990126
10.164781	0.993685	0.992728	0.998304	0.997342	1.000958	0.996334	0.995374
10.201155	0.989289	0.992837	0.994030	0.997595	0.996452	0.991674	0.995231
10.237528	0.989631	0.992176	0.995331	0.997891	0.997455	0.991722	0.994273
10.273902	0.995190	0.991924	1.001513	0.998227	1.003266	0.996958	0.993686
10.310309	0.984877	0.991570	0.991861	0.998601	0.993307	0.986256	0.992959
10.346683	0.981473	0.982154	0.998318	0.999011	0.999319	0.982444	0.983126
10.383069	0.987473	0.995307	0.991587	0.999453	0.992166	0.988013	0.995851
10.419454	0.992525	0.991503	1.000954	0.999923	1.001022	0.992602	0.991579
10.455849	0.998350	0.994835	1.003953	1.000418	1.003515	0.997933	0.994419
10.495867	0.994473	0.995384	1.000069	1.000985	0.999089	0.993495	0.994404
10.532263	0.998844	0.995206	1.005178	1.001517	1.003638	0.997332	0.993699
10.568647	0.999523	0.999104	1.002479	1.002059	1.000419	0.997470	0.997052
10.605022	1.005030	1.004212	1.003422	1.002606	1.000818	1.002418	1.001602
10.641397	0.997086	1.003149	0.997092	1.003154	0.993938	0.993951	0.999995
10.677780	0.992805	1.001319	0.995164	1.003698	0.991485	0.989146	0.997630
10.714166	0.999201	0.995615	1.007852	1.004235	1.003586	0.994988	0.991417
10.750561	0.999482	0.996377	1.007888	1.004758	1.003104	0.994749	0.991660
10.786968	0.997538	0.996977	1.005829	1.005264	1.000561	0.992315	0.991757
10.823320	0.998611	0.997755	1.006611	1.005748	1.000856	0.992904	0.992053
10.859706	0.993714	0.999148	1.000735	1.006207	0.994566	0.987584	0.992984
10.896091	1.003254	1.000456	1.009454	1.006638	1.002799	0.996639	0.993858
10.932487	0.990399	0.995083	1.002297	1.007038	0.995316	0.983477	0.988129
10.968871	0.997571	1.000930	1.004023	1.007403	0.996641	0.990240	0.993575
11.005257	0.994136	0.995386	1.006468	1.007733	0.998750	0.986508	0.987748
11.041664	0.997764	0.998952	1.006826	1.008024	0.998813	0.989821	0.991000
11.078015	0.999732	0.999477	1.008533	1.008277	1.000255	0.991525	0.991273
11.114411	0.996497	0.998880	1.006083	1.008489	0.997617	0.988109	0.990472
11.150796	0.997381	0.999015	1.007011	1.008661	0.998366	0.988817	0.990437
11.187181	1.007221	1.006239	1.009777	1.008792	1.000982	0.998442	0.997469
11.223577	1.007702	1.002180	1.014443	1.008884	1.005522	0.998828	0.993355
11.259940	1.008944	1.005824	1.012066	1.008937	1.003119	1.000007	0.996915
11.296335	0.998659	1.003998	1.003588	1.008953	0.994661	0.989798	0.995089
11.332721	0.996828	1.005882	0.999850	1.008932	0.990946	0.988003	0.996977
11.369095	0.998180	0.997460	1.009604	1.008877	1.000719	0.989397	0.988684
11.405490	1.001466	0.999363	1.010912	1.008790	1.002103	0.992739	0.990655
11.441875	1.003215	0.999505	1.012418	1.008674	1.003710	0.994588	0.990910
11.478260	0.995236	1.000109	1.003616	1.008530	0.995127	0.986818	0.991650
11.514634	0.997040	0.994840	1.010592	1.008362	1.002200	0.988772	0.986590
11.551041	0.997029	0.997269	1.007930	1.008173	0.999759	0.988946	0.989185
11.587426	0.994742	0.994175	1.008540	1.007965	1.000567	0.986882	0.986319
11.623811	0.996179	0.994394	1.009549	1.007740	1.001785	0.988527	0.986756
11.660174	0.987070	0.987550	1.007014	1.007503	0.999520	0.979719	0.980196
11.698402	0.987218	0.994464	0.999903	1.007242	0.992754	0.980119	0.987314
11.736621	1.000041	1.001977	1.005026	1.006972	0.998064	0.993117	0.995040
11.772972	0.993318	0.998168	1.001818	1.006710	0.995149	0.986697	0.991515
11.809380	1.006896	1.001438	1.011929	1.006444	1.005457	1.000449	0.995026
11.845755	0.999986	1.000756	1.005402	1.006176	0.999230	0.993847	0.994613
11.882151	0.989806	0.996719	0.998932	1.005909	0.993087	0.983991	0.990864
11.918524	0.995332	0.994368	1.006618	1.005643	1.000963	0.989746	0.988788
11.954908	0.992237	0.991418	1.006211	1.005380	1.000819	0.986927	0.986112
11.991305	0.994153	0.997017	1.002233	1.005120	0.997136	0.989088	0.991938
12.027700	0.990375	0.996824	0.998364	1.004865	0.993551	0.985581	0.991998
12.064074	0.989591	0.994275	0.999881	1.004614	0.995316	0.985046	0.989709
12.100459	0.991432	0.991286	1.004515	1.004367	1.000146	0.987121	0.986975
12.136856	0.989917	0.991472	1.002550	1.004125	0.998445	0.985850	0.987399
12.173230	0.982589	0.987211	0.999188	1.003887	0.995379	0.978785	0.983388
12.209614	0.988243	0.983676	1.008313	1.003653	1.004568	0.984647	0.980096
12.246010	0.989180	0.992192	1.000376	1.003421	0.996988	0.985807	0.988809
12.282384	0.988272	0.992736	0.998681	1.003192	0.995536	0.985127	0.989577
12.318769	0.983395	0.988739	0.997543	1.002964	0.994656	0.980489	0.985817
12.355177	0.994546	0.994030	1.003256	1.002736	1.000515	0.991832	0.991318
12.391573	0.997910	0.996943	1.003480	1.002508	1.000967	0.995414	0.994449
12.427924	0.987076	0.995590	0.993706	1.002277	0.991486	0.984833	0.993328
12.464319	0.985483	0.985545	1.001982	1.002045	0.999938	0.983472	0.983534
12.500716	0.988893	0.990747	0.999934	1.001808	0.998147	0.987108	0.988958
12.537079	0.985231	0.986080	1.000706	1.001569	0.999151	0.983688	0.984535
12.573485	0.983048	0.980316	1.004114	1.001323	1.002732	0.981749	0.979020
12.609849	0.984292	0.985498	0.999849	1.001074	0.998795	0.983237	0.984441
12.646245	0.985603	0.986873	0.999531	1.000818	0.998730	0.984797	0.986066
12.682630	0.985846	0.987065	0.999322	1.000558	0.998781	0.985297	0.986515
12.719014	0.981954	0.973850	1.008617	1.000292	1.008104	0.981668	0.973566
12.755389	0.986658	0.983169	1.003572	1.000022	1.003490	0.986637	0.983147
12.791807	0.989555	0.988388	1.000929	0.999748	1.001167	0.989805	0.988637
12.828192	0.976934	0.985627	0.990656	0.999471	0.991308	0.977452	0.986149
12.864554	0.983576	0.983577	0.999191	0.999192	0.999999	0.984371	0.984372
12.900939	0.986527	0.991460	0.993943	0.998913	0.995067	0.987601	0.992539
12.937346	0.991291	0.989324	1.000620	0.998634	1.001968	0.992647	0.990677
12.973721	0.989000	0.990627	0.996718	0.998359	0.998372	0.990625	0.992256
13.010095	0.991825	0.986589	1.003384	0.998088	1.005235	0.993725	0.988479
13.046479	0.981234	0.987286	0.991707	0.997824	0.993948	0.983373	0.989439
13.082864	0.984457	0.985198	0.996820	0.997569	0.999260	0.986856	0.987598
13.119249	0.975866	0.978900	0.994235	0.997325	0.996967	0.978484	0.981525
13.155645	0.978985	0.976799	0.999327	0.997095	1.002186	0.981838	0.979645
13.192030	0.977349	0.978717	0.995488	0.996880	0.998633	0.980408	0.981780
13.228437	0.986830	0.979373	1.004272	0.996683	1.007457	0.990114	0.982632
13.264800	0.985390	0.980807	1.001162	0.996506	1.004583	0.988845	0.984246
13.301174	0.976050	0.976359	0.996036	0.996350	0.999692	0.979626	0.979935
13.337547	0.986470	0.978584	1.004247	0.996219	1.007886	0.990215	0.982298
13.373943	0.975036	0.974383	0.996780	0.996112	1.000653	0.978842	0.978186
13.410317	0.977677	0.979529	0.994148	0.996032	0.998148	0.981572	0.983431
13.446725	0.961986	0.969759	0.987996	0.995979	0.992227	0.965870	0.973674
13.483110	0.983137	0.978205	1.000976	0.995955	1.004932	0.987130	0.982178
13.519484	0.974889	0.980126	0.990638	0.995960	0.994763	0.978843	0.984102
13.555868	0.982236	0.979536	0.998739	0.995993	1.002700	0.986188	0.983477
13.592253	0.990864	0.985344	1.001636	0.996056	1.005520	0.994787	0.989245
13.631538	0.989554	0.988277	0.997441	0.996155	1.001276	0.993374	0.992092
13.668668	0.992345	0.987831	1.000830	0.996278	1.004514	0.996052	0.991522
13.705041	0.979840	0.982204	0.994026	0.996424	0.997636	0.983356	0.985729
13.741437	0.980453	0.984797	0.992199	0.996595	0.995656	0.983803	0.988161
13.794191	0.981845	0.980377	0.998375	0.996882	1.001469	0.984916	0.983443
